0.0597625 0.0436372 0.204001 0.050106 -0.00933655 0.0737394 0.149252 0.102025 0.00232335 0.133107 -0.0102852 0.0863272 0.0295945 0.0300243 0.0382289 0.0112768 0.0351361 0.0868461 -0.083986 -0.0112036 -0.000567115 0.159103 0.0830098 -0.095062 0.0663148 0.0487558 -0.000998709 0.104922 0.103842 -0.0149128 0.178322 0.0941179 0.150002 0.00452559 -0.0675262 0.0728649 0.0119827 0.00156235 -0.00396848 0.03419 0.156979 0.108925 0.0296505 0.0823502 0.0715501 0.094092 0.0240879 0.0275203 0.0933896 0.0447801 0.0660328 -0.0196257 0.0486783 0.101893 0.174195 0.0217936 0.00925162 0.00572924 0.0607937 0.144316 0.0820505 0.0921776 -0.029953 0.0171702 1 1 1 1 1 1 1 1 1 1 1 1 1 1 1 1 1 1 1 1 1 1 1 1 1 1 1 1 1 1 1 1 1 1 1 1 1 1 1 1 1 1 1 1 1 1 1 1 1 1 1 1 1 1 1 1 1 1 1 1 1 1 1 1 
0.113396 0.177585 0.128698 0.12617 0.115277 0.0630376 0.135406 -0.0139501 0.112931 0.0195212 0.0321007 -0.000547503 0.0500081 0.0280238 0.00126688 0.0842596 0.0177326 0.0134661 0.0969194 0.070899 0.133463 0.0249464 0.150976 0.0752812 0.089559 0.165971 0.0894408 0.0967221 -0.0260177 0.0809833 0.0245052 0.0953015 0.11059 0.0192672 0.0843938 0.0176671 0.143786 0.114043 0.043987 0.0640273 0.128021 0.0487551 0.155516 0.116033 0.176529 -0.0106055 0.17043 0.0582004 0.0146191 0.0300979 0.099253 0.208479 0.0992795 0.142034 -0.0104102 0.0903014 0.11635 0.0188354 0.0674709 -0.0187744 0.196675 0.0344188 0.0710988 0.0795418 1 1 1 1 1 1 1 1 1 1 1 1 1 1 1 1 1 1 1 1 1 1 1 1 1 1 1 1 1 1 1 1 1 1 1 1 1 1 1 1 1 1 1 1 1 1 1 1 1 1 1 1 1 1 1 1 1 1 1 1 1 1 1 1 
-0.0176947 1 
0.014894 1 
0.0765713 1 
-0.0325986 1 
0.0621347 1 
-0.0185067 1 
-0.0709228 1 
-0.00135516 1 
-0.038738 1 
-0.00921979 1 
-0.0130037 1 
-0.0404681 1 
0.0163652 1 
-0.0840974 1 
0.0608912 1 
0.024045 1 
0.107269 1 
-0.0773705 1 
0.00636863 1 
0.0612451 1 
-0.0183457 1 
0.0827387 1 
0.0976407 1 
-0.0057809 1 
0.0301995 1 
0.0209457 1 
-0.0296627 1 
-0.00775708 1 
0.100169 1 
0.106247 1 
0.0858708 1 
0.0318593 1 
-0.00988536 1 
-0.0236479 1 
-0.00318571 1 
-0.0622399 1 
0.0817419 1 
0.0431647 1 
0.113281 1 
0.0984303 1 
-0.0678815 1 
-0.055791 1 
0.14388 1 
-0.00400656 1 
0.134244 1 
0.0954715 1 
0.019748 1 
0.0851956 1 
0.00361182 1 
0.0144717 1 
-0.0408245 1 
-0.0046669 1 
-0.0473115 1 
0.106765 1 
0.0874894 1 
0.113351 1 
0.0992743 1 
-0.0069946 1 
-0.0344243 1 
0.0357364 1 
-0.0305084 1 
0.0322408 1 
0.0882382 1 
-0.0533076 1 

0 0 
0.490417 0.493562 0.484789 0.492023 0.488884 0.486689 0.491979 0.479638 0.491862 0.481503 0.485317 0.48255 0.485306 0.487922 0.48057 0.487633 0.481278 0.48537 0.488749 0.486005 0.492304 0.478915 0.489989 0.487695 0.487173 0.492638 0.48992 0.487949 0.476534 0.486163 0.47807 0.486964 0.487572 0.484689 0.488448 0.485251 0.490342 0.489159 0.483525 0.484751 0.491009 0.486358 0.490887 0.489679 0.491807 0.478062 0.493128 0.484533 0.481898 0.483715 0.490315 0.496056 0.490903 0.489013 0.475484 0.486613 0.488476 0.484033 0.487898 0.476875 0.495875 0.482617 0.485651 0.490199 
-1.66967 
