1	0.686685	0.02
2	0.674956	0.01999
3	0.666313	0.01998
4	0.660109	0.01997
5	0.655689	0.0199601
6	0.652416	0.0199501
7	0.649633	0.0199402
8	0.64682	0.0199302
9	0.643662	0.0199203
10	0.640016	0.0199104
11	0.635869	0.0199005
12	0.631287	0.0198906
13	0.62638	0.0198807
14	0.621256	0.0198708
15	0.616002	0.019861
16	0.610666	0.0198511
17	0.605258	0.0198413
18	0.599752	0.0198314
19	0.594102	0.0198216
20	0.58825	0.0198118
21	0.582148	0.019802
22	0.575761	0.0197922
23	0.569077	0.0197824
24	0.562105	0.0197726
25	0.554867	0.0197628
26	0.547396	0.0197531
27	0.539724	0.0197433
28	0.53188	0.0197336
29	0.523885	0.0197239
30	0.515751	0.0197141
31	0.507483	0.0197044
32	0.499084	0.0196947
33	0.490556	0.019685
34	0.481902	0.0196754
35	0.473135	0.0196657
36	0.464268	0.019656
37	0.455319	0.0196464
38	0.446306	0.0196367
39	0.437248	0.0196271
40	0.428156	0.0196175
41	0.419041	0.0196078
42	0.40991	0.0195982
43	0.400774	0.0195886
44	0.391642	0.0195791
45	0.382529	0.0195695
46	0.373452	0.0195599
47	0.36443	0.0195503
48	0.355481	0.0195408
49	0.34662	0.0195312
50	0.337859	0.0195217
51	0.329209	0.0195122
52	0.320677	0.0195027
53	0.312271	0.0194932
54	0.304	0.0194837
55	0.295871	0.0194742
56	0.287894	0.0194647
57	0.280077	0.0194553
58	0.272428	0.0194458
59	0.264953	0.0194363
60	0.257657	0.0194269
61	0.250543	0.0194175
62	0.243613	0.0194081
63	0.236868	0.0193986
64	0.230311	0.0193892
65	0.223941	0.0193798
66	0.217759	0.0193705
67	0.211764	0.0193611
68	0.205955	0.0193517
69	0.20033	0.0193424
70	0.194886	0.019333
71	0.189619	0.0193237
72	0.184526	0.0193143
73	0.179603	0.019305
74	0.174847	0.0192957
75	0.170252	0.0192864
76	0.165815	0.0192771
77	0.161533	0.0192678
78	0.1574	0.0192585
79	0.153413	0.0192493
80	0.149567	0.01924
81	0.145857	0.0192308
82	0.142279	0.0192215
83	0.138828	0.0192123
84	0.1355	0.0192031
85	0.13229	0.0191939
86	0.129194	0.0191847
87	0.126209	0.0191755
88	0.123329	0.0191663
89	0.120551	0.0191571
90	0.11787	0.0191479
91	0.115283	0.0191388
92	0.112787	0.0191296
93	0.110377	0.0191205
94	0.10805	0.0191113
95	0.105802	0.0191022
96	0.103632	0.0190931
97	0.101534	0.019084
98	0.0995071	0.0190749
99	0.0975475	0.0190658
100	0.0956527	0.0190567
101	0.0938199	0.0190476
102	0.0920468	0.0190386
103	0.0903308	0.0190295
104	0.0886696	0.0190204
105	0.0870609	0.0190114
106	0.0855026	0.0190024
107	0.0839927	0.0189934
108	0.0825293	0.0189843
109	0.0811103	0.0189753
110	0.0797342	0.0189663
111	0.0783991	0.0189573
112	0.0771034	0.0189484
113	0.0758455	0.0189394
114	0.0746241	0.0189304
115	0.0734376	0.0189215
116	0.0722847	0.0189125
117	0.0711641	0.0189036
118	0.0700745	0.0188947
119	0.0690149	0.0188857
120	0.067984	0.0188768
121	0.0669808	0.0188679
122	0.0660042	0.018859
123	0.0650534	0.0188501
124	0.0641272	0.0188413
125	0.0632249	0.0188324
126	0.0623456	0.0188235
127	0.0614884	0.0188147
128	0.0606527	0.0188058
129	0.0598375	0.018797
130	0.0590423	0.0187882
131	0.0582662	0.0187793
132	0.0575088	0.0187705
133	0.0567692	0.0187617
134	0.056047	0.0187529
135	0.0553416	0.0187441
136	0.0546524	0.0187354
137	0.0539788	0.0187266
138	0.0533204	0.0187178
139	0.0526766	0.0187091
140	0.0520471	0.0187003
141	0.0514313	0.0186916
142	0.0508289	0.0186829
143	0.0502393	0.0186741
144	0.0496623	0.0186654
145	0.0490974	0.0186567
146	0.0485443	0.018648
147	0.0480025	0.0186393
148	0.0474719	0.0186306
149	0.046952	0.018622
150	0.0464425	0.0186133
151	0.0459432	0.0186047
152	0.0454537	0.018596
153	0.0449738	0.0185874
154	0.0445032	0.0185787
155	0.0440416	0.0185701
156	0.0435888	0.0185615
157	0.0431445	0.0185529
158	0.0427086	0.0185443
159	0.0422807	0.0185357
160	0.0418607	0.0185271
161	0.0414484	0.0185185
162	0.0410435	0.0185099
163	0.0406459	0.0185014
164	0.0402554	0.0184928
165	0.0398718	0.0184843
166	0.0394949	0.0184758
167	0.0391246	0.0184672
168	0.0387606	0.0184587
169	0.0384029	0.0184502
170	0.0380512	0.0184417
171	0.0377055	0.0184332
172	0.0373656	0.0184247
173	0.0370313	0.0184162
174	0.0367025	0.0184077
175	0.0363791	0.0183993
176	0.036061	0.0183908
177	0.0357479	0.0183824
178	0.0354399	0.0183739
179	0.0351368	0.0183655
180	0.0348385	0.018357
181	0.0345449	0.0183486
182	0.0342558	0.0183402
183	0.0339712	0.0183318
184	0.0336909	0.0183234
185	0.033415	0.018315
186	0.0331432	0.0183066
187	0.0328755	0.0182983
188	0.0326118	0.0182899
189	0.032352	0.0182815
190	0.032096	0.0182732
191	0.0318438	0.0182648
192	0.0315953	0.0182565
193	0.0313504	0.0182482
194	0.031109	0.0182399
195	0.030871	0.0182315
196	0.0306364	0.0182232
197	0.0304052	0.0182149
198	0.0301771	0.0182066
199	0.0299523	0.0181984
200	0.0297305	0.0181901
201	0.0295119	0.0181818
202	0.0292962	0.0181736
203	0.0290834	0.0181653
204	0.0288735	0.0181571
205	0.0286665	0.0181488
206	0.0284622	0.0181406
207	0.0282606	0.0181324
208	0.0280617	0.0181242
209	0.0278654	0.0181159
210	0.0276717	0.0181077
211	0.0274805	0.0180995
212	0.0272917	0.0180914
213	0.0271054	0.0180832
214	0.0269215	0.018075
215	0.0267399	0.0180668
216	0.0265606	0.0180587
217	0.0263835	0.0180505
218	0.0262087	0.0180424
219	0.026036	0.0180343
220	0.0258655	0.0180261
221	0.0256971	0.018018
222	0.0255307	0.0180099
223	0.0253664	0.0180018
224	0.025204	0.0179937
225	0.0250436	0.0179856
226	0.0248852	0.0179775
227	0.0247286	0.0179695
228	0.0245739	0.0179614
229	0.024421	0.0179533
230	0.0242699	0.0179453
231	0.0241205	0.0179372
232	0.0239729	0.0179292
233	0.023827	0.0179211
234	0.0236828	0.0179131
235	0.0235403	0.0179051
236	0.0233994	0.0178971
237	0.02326	0.0178891
238	0.0231223	0.0178811
239	0.0229861	0.0178731
240	0.0228514	0.0178651
241	0.0227182	0.0178571
242	0.0225865	0.0178492
243	0.0224562	0.0178412
244	0.0223274	0.0178333
245	0.0222	0.0178253
246	0.022074	0.0178174
247	0.0219493	0.0178094
248	0.021826	0.0178015
249	0.021704	0.0177936
250	0.0215833	0.0177857
251	0.0214639	0.0177778
252	0.0213458	0.0177699
253	0.0212289	0.017762
254	0.0211132	0.0177541
255	0.0209987	0.0177462
256	0.0208855	0.0177384
257	0.0207734	0.0177305
258	0.0206624	0.0177226
259	0.0205526	0.0177148
260	0.020444	0.0177069
261	0.0203364	0.0176991
262	0.0202299	0.0176913
263	0.0201245	0.0176835
264	0.0200202	0.0176757
265	0.0199169	0.0176678
266	0.0198146	0.01766
267	0.0197134	0.0176523
268	0.0196131	0.0176445
269	0.0195139	0.0176367
270	0.0194156	0.0176289
271	0.0193183	0.0176211
272	0.0192219	0.0176134
273	0.0191264	0.0176056
274	0.0190319	0.0175979
275	0.0189383	0.0175901
276	0.0188456	0.0175824
277	0.0187537	0.0175747
278	0.0186628	0.017567
279	0.0185727	0.0175593
280	0.0184834	0.0175516
281	0.018395	0.0175439
282	0.0183075	0.0175362
283	0.0182207	0.0175285
284	0.0181347	0.0175208
285	0.0180496	0.0175131
286	0.0179652	0.0175055
287	0.0178816	0.0174978
288	0.0177987	0.0174902
289	0.0177167	0.0174825
290	0.0176353	0.0174749
291	0.0175547	0.0174672
292	0.0174748	0.0174596
293	0.0173957	0.017452
294	0.0173172	0.0174444
295	0.0172395	0.0174368
296	0.0171624	0.0174292
297	0.017086	0.0174216
298	0.0170103	0.017414
299	0.0169353	0.0174064
300	0.0168609	0.0173989
301	0.0167872	0.0173913
302	0.0167141	0.0173837
303	0.0166416	0.0173762
304	0.0165698	0.0173686
305	0.0164986	0.0173611
306	0.016428	0.0173536
307	0.016358	0.0173461
308	0.0162886	0.0173385
309	0.0162197	0.017331
310	0.0161515	0.0173235
311	0.0160838	0.017316
312	0.0160168	0.0173085
313	0.0159502	0.017301
314	0.0158843	0.0172936
315	0.0158188	0.0172861
316	0.0157539	0.0172786
317	0.0156896	0.0172712
318	0.0156258	0.0172637
319	0.0155625	0.0172563
320	0.0154997	0.0172488
321	0.0154374	0.0172414
322	0.0153757	0.017234
323	0.0153144	0.0172265
324	0.0152537	0.0172191
325	0.0151934	0.0172117
326	0.0151336	0.0172043
327	0.0150743	0.0171969
328	0.0150154	0.0171895
329	0.0149571	0.0171821
330	0.0148992	0.0171748
331	0.0148417	0.0171674
332	0.0147847	0.01716
333	0.0147281	0.0171527
334	0.014672	0.0171453
335	0.0146164	0.017138
336	0.0145611	0.0171306
337	0.0145063	0.0171233
338	0.0144519	0.017116
339	0.0143979	0.0171086
340	0.0143444	0.0171013
341	0.0142912	0.017094
342	0.0142385	0.0170867
343	0.0141862	0.0170794
344	0.0141342	0.0170721
345	0.0140827	0.0170648
346	0.0140315	0.0170576
347	0.0139807	0.0170503
348	0.0139303	0.017043
349	0.0138803	0.0170358
350	0.0138307	0.0170285
351	0.0137814	0.0170213
352	0.0137325	0.017014
353	0.0136839	0.0170068
354	0.0136357	0.0169996
355	0.0135879	0.0169924
356	0.0135404	0.0169851
357	0.0134933	0.0169779
358	0.0134465	0.0169707
359	0.0134	0.0169635
360	0.0133539	0.0169563
361	0.0133081	0.0169492
362	0.0132626	0.016942
363	0.0132175	0.0169348
364	0.0131727	0.0169276
365	0.0131282	0.0169205
366	0.013084	0.0169133
367	0.0130402	0.0169062
368	0.0129966	0.016899
369	0.0129534	0.0168919
370	0.0129104	0.0168848
371	0.0128678	0.0168776
372	0.0128255	0.0168705
373	0.0127834	0.0168634
374	0.0127417	0.0168563
375	0.0127002	0.0168492
376	0.0126591	0.0168421
377	0.0126182	0.016835
378	0.0125776	0.0168279
379	0.0125372	0.0168209
380	0.0124972	0.0168138
381	0.0124574	0.0168067
382	0.0124179	0.0167997
383	0.0123787	0.0167926
384	0.0123397	0.0167856
385	0.012301	0.0167785
386	0.0122626	0.0167715
387	0.0122244	0.0167645
388	0.0121865	0.0167574
389	0.0121488	0.0167504
390	0.0121114	0.0167434
391	0.0120742	0.0167364
392	0.0120373	0.0167294
393	0.0120006	0.0167224
394	0.0119642	0.0167154
395	0.011928	0.0167084
396	0.011892	0.0167015
397	0.0118563	0.0166945
398	0.0118208	0.0166875
399	0.0117855	0.0166806
400	0.0117505	0.0166736
401	0.0117157	0.0166667
402	0.0116811	0.0166597
403	0.0116468	0.0166528
404	0.0116126	0.0166459
405	0.0115787	0.0166389
406	0.011545	0.016632
407	0.0115116	0.0166251
408	0.0114783	0.0166182
409	0.0114453	0.0166113
410	0.0114124	0.0166044
411	0.0113798	0.0165975
412	0.0113474	0.0165906
413	0.0113151	0.0165837
414	0.0112831	0.0165769
415	0.0112513	0.01657
416	0.0112197	0.0165631
417	0.0111883	0.0165563
418	0.011157	0.0165494
419	0.011126	0.0165426
420	0.0110952	0.0165358
421	0.0110645	0.0165289
422	0.0110341	0.0165221
423	0.0110038	0.0165153
424	0.0109737	0.0165085
425	0.0109438	0.0165017
426	0.0109141	0.0164948
427	0.0108846	0.016488
428	0.0108552	0.0164813
429	0.0108261	0.0164745
430	0.0107971	0.0164677
431	0.0107683	0.0164609
432	0.0107396	0.0164541
433	0.0107111	0.0164474
434	0.0106828	0.0164406
435	0.0106547	0.0164339
436	0.0106267	0.0164271
437	0.0105989	0.0164204
438	0.0105713	0.0164136
439	0.0105438	0.0164069
440	0.0105165	0.0164002
441	0.0104894	0.0163934
442	0.0104624	0.0163867
443	0.0104356	0.01638
444	0.0104089	0.0163733
445	0.0103824	0.0163666
446	0.0103561	0.0163599
447	0.0103299	0.0163532
448	0.0103038	0.0163465
449	0.0102779	0.0163399
450	0.0102522	0.0163332
451	0.0102266	0.0163265
452	0.0102012	0.0163199
453	0.0101759	0.0163132
454	0.0101507	0.0163066
455	0.0101257	0.0162999
456	0.0101008	0.0162933
457	0.0100761	0.0162866
458	0.0100515	0.01628
459	0.0100271	0.0162734
460	0.0100028	0.0162668
461	0.00997862	0.0162602
462	0.00995459	0.0162536
463	0.0099307	0.016247
464	0.00990695	0.0162404
465	0.00988332	0.0162338
466	0.00985983	0.0162272
467	0.00983648	0.0162206
468	0.00981325	0.016214
469	0.00979015	0.0162075
470	0.00976719	0.0162009
471	0.00974434	0.0161943
472	0.00972163	0.0161878
473	0.00969904	0.0161812
474	0.00967658	0.0161747
475	0.00965424	0.0161681
476	0.00963203	0.0161616
477	0.00960993	0.0161551
478	0.00958796	0.0161486
479	0.00956611	0.0161421
480	0.00954438	0.0161355
481	0.00952276	0.016129
482	0.00950127	0.0161225
483	0.00947989	0.016116
484	0.00945863	0.0161095
485	0.00943748	0.0161031
486	0.00941644	0.0160966
487	0.00939552	0.0160901
488	0.00937472	0.0160836
489	0.00935402	0.0160772
490	0.00933344	0.0160707
491	0.00931296	0.0160643
492	0.0092926	0.0160578
493	0.00927234	0.0160514
494	0.00925219	0.0160449
495	0.00923215	0.0160385
496	0.00921221	0.0160321
497	0.00919238	0.0160256
498	0.00917266	0.0160192
499	0.00915304	0.0160128
500	0.00913352	0.0160064
501	0.00911411	0.016
502	0.00909479	0.0159936
503	0.00907558	0.0159872
504	0.00905647	0.0159808
505	0.00903746	0.0159744
506	0.00901854	0.0159681
507	0.00899973	0.0159617
508	0.00898101	0.0159553
509	0.00896239	0.015949
510	0.00894387	0.0159426
511	0.00892544	0.0159363
512	0.00890711	0.0159299
513	0.00888887	0.0159236
514	0.00887072	0.0159172
515	0.00885267	0.0159109
516	0.00883471	0.0159046
517	0.00881684	0.0158983
518	0.00879906	0.0158919
519	0.00878138	0.0158856
520	0.00876378	0.0158793
521	0.00874627	0.015873
522	0.00872885	0.0158667
523	0.00871152	0.0158604
524	0.00869428	0.0158541
525	0.00867712	0.0158479
526	0.00866005	0.0158416
527	0.00864307	0.0158353
528	0.00862617	0.015829
529	0.00860935	0.0158228
530	0.00859262	0.0158165
531	0.00857597	0.0158103
532	0.00855941	0.015804
533	0.00854292	0.0157978
534	0.00852652	0.0157916
535	0.0085102	0.0157853
536	0.00849396	0.0157791
537	0.0084778	0.0157729
538	0.00846172	0.0157667
539	0.00844572	0.0157604
540	0.0084298	0.0157542
541	0.00841396	0.015748
542	0.00839819	0.0157418
543	0.0083825	0.0157356
544	0.00836689	0.0157295
545	0.00835135	0.0157233
546	0.00833589	0.0157171
547	0.0083205	0.0157109
548	0.00830519	0.0157048
549	0.00828996	0.0156986
550	0.00827479	0.0156924
551	0.0082597	0.0156863
552	0.00824468	0.0156801
553	0.00822974	0.015674
554	0.00821486	0.0156678
555	0.00820006	0.0156617
556	0.00818533	0.0156556
557	0.00817066	0.0156495
558	0.00815607	0.0156433
559	0.00814155	0.0156372
560	0.0081271	0.0156311
561	0.00811271	0.015625
562	0.0080984	0.0156189
563	0.00808415	0.0156128
564	0.00806996	0.0156067
565	0.00805585	0.0156006
566	0.0080418	0.0155945
567	0.00802782	0.0155885
568	0.0080139	0.0155824
569	0.00800005	0.0155763
570	0.00798627	0.0155703
571	0.00797254	0.0155642
572	0.00795888	0.0155581
573	0.00794529	0.0155521
574	0.00793176	0.0155461
575	0.00791829	0.01554
576	0.00790489	0.015534
577	0.00789154	0.015528
578	0.00787826	0.0155219
579	0.00786504	0.0155159
580	0.00785188	0.0155099
581	0.00783878	0.0155039
582	0.00782574	0.0154979
583	0.00781276	0.0154919
584	0.00779984	0.0154859
585	0.00778698	0.0154799
586	0.00777418	0.0154739
587	0.00776144	0.0154679
588	0.00774875	0.0154619
589	0.00773612	0.015456
590	0.00772355	0.01545
591	0.00771104	0.015444
592	0.00769858	0.0154381
593	0.00768618	0.0154321
594	0.00767384	0.0154261
595	0.00766155	0.0154202
596	0.00764932	0.0154143
597	0.00763714	0.0154083
598	0.00762501	0.0154024
599	0.00761294	0.0153965
600	0.00760093	0.0153905
601	0.00758897	0.0153846
602	0.00757706	0.0153787
603	0.0075652	0.0153728
604	0.0075534	0.0153669
605	0.00754165	0.015361
606	0.00752995	0.0153551
607	0.00751831	0.0153492
608	0.00750671	0.0153433
609	0.00749517	0.0153374
610	0.00748368	0.0153315
611	0.00747224	0.0153257
612	0.00746085	0.0153198
613	0.00744951	0.0153139
614	0.00743821	0.0153081
615	0.00742697	0.0153022
616	0.00741578	0.0152964
617	0.00740464	0.0152905
618	0.00739354	0.0152847
619	0.0073825	0.0152788
620	0.0073715	0.015273
621	0.00736055	0.0152672
622	0.00734964	0.0152614
623	0.00733879	0.0152555
624	0.00732798	0.0152497
625	0.00731722	0.0152439
626	0.0073065	0.0152381
627	0.00729583	0.0152323
628	0.00728521	0.0152265
629	0.00727463	0.0152207
630	0.0072641	0.0152149
631	0.00725361	0.0152091
632	0.00724317	0.0152033
633	0.00723277	0.0151976
634	0.00722242	0.0151918
635	0.00721211	0.015186
636	0.00720184	0.0151803
637	0.00719162	0.0151745
638	0.00718144	0.0151688
639	0.00717131	0.015163
640	0.00716122	0.0151573
641	0.00715117	0.0151515
642	0.00714116	0.0151458
643	0.0071312	0.01514
644	0.00712128	0.0151343
645	0.0071114	0.0151286
646	0.00710156	0.0151229
647	0.00709176	0.0151172
648	0.007082	0.0151114
649	0.00707229	0.0151057
650	0.00706261	0.0151
651	0.00705298	0.0150943
652	0.00704338	0.0150886
653	0.00703383	0.015083
654	0.00702431	0.0150773
655	0.00701484	0.0150716
656	0.0070054	0.0150659
657	0.00699601	0.0150602
658	0.00698665	0.0150546
659	0.00697733	0.0150489
660	0.00696805	0.0150432
661	0.00695881	0.0150376
662	0.00694961	0.0150319
663	0.00694044	0.0150263
664	0.00693131	0.0150207
665	0.00692222	0.015015
666	0.00691317	0.0150094
667	0.00690415	0.0150038
668	0.00689517	0.0149981
669	0.00688623	0.0149925
670	0.00687732	0.0149869
671	0.00686845	0.0149813
672	0.00685962	0.0149757
673	0.00685082	0.0149701
674	0.00684206	0.0149645
675	0.00683333	0.0149589
676	0.00682464	0.0149533
677	0.00681598	0.0149477
678	0.00680736	0.0149421
679	0.00679877	0.0149365
680	0.00679022	0.0149309
681	0.0067817	0.0149254
682	0.00677322	0.0149198
683	0.00676477	0.0149142
684	0.00675636	0.0149087
685	0.00674797	0.0149031
686	0.00673963	0.0148976
687	0.00673131	0.014892
688	0.00672303	0.0148865
689	0.00671478	0.014881
690	0.00670657	0.0148754
691	0.00669838	0.0148699
692	0.00669023	0.0148644
693	0.00668212	0.0148588
694	0.00667403	0.0148533
695	0.00666598	0.0148478
696	0.00665795	0.0148423
697	0.00664996	0.0148368
698	0.00664201	0.0148313
699	0.00663408	0.0148258
700	0.00662618	0.0148203
701	0.00661832	0.0148148
702	0.00661048	0.0148093
703	0.00660268	0.0148038
704	0.00659491	0.0147984
705	0.00658717	0.0147929
706	0.00657945	0.0147874
707	0.00657177	0.014782
708	0.00656412	0.0147765
709	0.0065565	0.014771
710	0.0065489	0.0147656
711	0.00654134	0.0147601
712	0.00653381	0.0147547
713	0.0065263	0.0147493
714	0.00651883	0.0147438
715	0.00651138	0.0147384
716	0.00650396	0.014733
717	0.00649658	0.0147275
718	0.00648922	0.0147221
719	0.00648188	0.0147167
720	0.00647458	0.0147113
721	0.0064673	0.0147059
722	0.00646006	0.0147005
723	0.00645284	0.0146951
724	0.00644564	0.0146897
725	0.00643848	0.0146843
726	0.00643134	0.0146789
727	0.00642423	0.0146735
728	0.00641715	0.0146681
729	0.00641009	0.0146628
730	0.00640306	0.0146574
731	0.00639606	0.014652
732	0.00638909	0.0146466
733	0.00638214	0.0146413
734	0.00637521	0.0146359
735	0.00636832	0.0146306
736	0.00636145	0.0146252
737	0.0063546	0.0146199
738	0.00634778	0.0146145
739	0.00634099	0.0146092
740	0.00633422	0.0146039
741	0.00632748	0.0145985
742	0.00632076	0.0145932
743	0.00631407	0.0145879
744	0.0063074	0.0145826
745	0.00630076	0.0145773
746	0.00629415	0.0145719
747	0.00628755	0.0145666
748	0.00628099	0.0145613
749	0.00627444	0.014556
750	0.00626793	0.0145507
751	0.00626143	0.0145455
752	0.00625496	0.0145402
753	0.00624852	0.0145349
754	0.00624209	0.0145296
755	0.00623569	0.0145243
756	0.00622932	0.0145191
757	0.00622297	0.0145138
758	0.00621664	0.0145085
759	0.00621034	0.0145033
760	0.00620406	0.014498
761	0.0061978	0.0144928
762	0.00619156	0.0144875
763	0.00618535	0.0144823
764	0.00617916	0.014477
765	0.006173	0.0144718
766	0.00616685	0.0144665
767	0.00616073	0.0144613
768	0.00615463	0.0144561
769	0.00614855	0.0144509
770	0.0061425	0.0144456
771	0.00613647	0.0144404
772	0.00613046	0.0144352
773	0.00612447	0.01443
774	0.0061185	0.0144248
775	0.00611256	0.0144196
776	0.00610663	0.0144144
777	0.00610073	0.0144092
778	0.00609485	0.014404
779	0.00608899	0.0143988
780	0.00608315	0.0143937
781	0.00607733	0.0143885
782	0.00607154	0.0143833
783	0.00606576	0.0143781
784	0.00606001	0.014373
785	0.00605427	0.0143678
786	0.00604856	0.0143627
787	0.00604287	0.0143575
788	0.00603719	0.0143524
789	0.00603154	0.0143472
790	0.00602591	0.0143421
791	0.0060203	0.0143369
792	0.0060147	0.0143318
793	0.00600913	0.0143266
794	0.00600358	0.0143215
795	0.00599805	0.0143164
796	0.00599253	0.0143113
797	0.00598704	0.0143062
798	0.00598157	0.014301
799	0.00597611	0.0142959
800	0.00597068	0.0142908
801	0.00596526	0.0142857
802	0.00595987	0.0142806
803	0.00595449	0.0142755
804	0.00594913	0.0142704
805	0.00594379	0.0142653
806	0.00593847	0.0142602
807	0.00593317	0.0142552
808	0.00592788	0.0142501
809	0.00592262	0.014245
810	0.00591737	0.0142399
811	0.00591214	0.0142349
812	0.00590693	0.0142298
813	0.00590174	0.0142248
814	0.00589657	0.0142197
815	0.00589141	0.0142146
816	0.00588627	0.0142096
817	0.00588115	0.0142045
818	0.00587605	0.0141995
819	0.00587097	0.0141945
820	0.0058659	0.0141894
821	0.00586085	0.0141844
822	0.00585582	0.0141794
823	0.0058508	0.0141743
824	0.00584581	0.0141693
825	0.00584083	0.0141643
826	0.00583587	0.0141593
827	0.00583092	0.0141543
828	0.00582599	0.0141493
829	0.00582108	0.0141443
830	0.00581619	0.0141393
831	0.00581131	0.0141343
832	0.00580645	0.0141293
833	0.0058016	0.0141243
834	0.00579678	0.0141193
835	0.00579196	0.0141143
836	0.00578717	0.0141093
837	0.00578239	0.0141044
838	0.00577763	0.0140994
839	0.00577288	0.0140944
840	0.00576815	0.0140895
841	0.00576344	0.0140845
842	0.00575874	0.0140795
843	0.00575406	0.0140746
844	0.00574939	0.0140696
845	0.00574474	0.0140647
846	0.00574011	0.0140598
847	0.00573549	0.0140548
848	0.00573089	0.0140499
849	0.0057263	0.0140449
850	0.00572173	0.01404
851	0.00571717	0.0140351
852	0.00571263	0.0140302
853	0.00570811	0.0140252
854	0.0057036	0.0140203
855	0.0056991	0.0140154
856	0.00569462	0.0140105
857	0.00569015	0.0140056
858	0.0056857	0.0140007
859	0.00568127	0.0139958
860	0.00567685	0.0139909
861	0.00567244	0.013986
862	0.00566805	0.0139811
863	0.00566367	0.0139762
864	0.00565931	0.0139714
865	0.00565496	0.0139665
866	0.00565063	0.0139616
867	0.00564631	0.0139567
868	0.00564201	0.0139519
869	0.00563772	0.013947
870	0.00563344	0.0139421
871	0.00562918	0.0139373
872	0.00562493	0.0139324
873	0.0056207	0.0139276
874	0.00561648	0.0139227
875	0.00561227	0.0139179
876	0.00560808	0.013913
877	0.0056039	0.0139082
878	0.00559974	0.0139034
879	0.00559559	0.0138985
880	0.00559145	0.0138937
881	0.00558733	0.0138889
882	0.00558322	0.0138841
883	0.00557912	0.0138793
884	0.00557504	0.0138744
885	0.00557097	0.0138696
886	0.00556691	0.0138648
887	0.00556287	0.01386
888	0.00555884	0.0138552
889	0.00555482	0.0138504
890	0.00555082	0.0138456
891	0.00554683	0.0138408
892	0.00554285	0.013836
893	0.00553888	0.0138313
894	0.00553493	0.0138265
895	0.00553099	0.0138217
896	0.00552706	0.0138169
897	0.00552315	0.0138122
898	0.00551925	0.0138074
899	0.00551536	0.0138026
900	0.00551148	0.0137979
901	0.00550762	0.0137931
902	0.00550377	0.0137883
903	0.00549993	0.0137836
904	0.0054961	0.0137788
905	0.00549229	0.0137741
906	0.00548848	0.0137694
907	0.00548469	0.0137646
908	0.00548092	0.0137599
909	0.00547715	0.0137552
910	0.0054734	0.0137504
911	0.00546965	0.0137457
912	0.00546592	0.013741
913	0.00546221	0.0137363
914	0.0054585	0.0137315
915	0.0054548	0.0137268
916	0.00545112	0.0137221
917	0.00544745	0.0137174
918	0.00544379	0.0137127
919	0.00544014	0.013708
920	0.00543651	0.0137033
921	0.00543288	0.0136986
922	0.00542927	0.0136939
923	0.00542567	0.0136893
924	0.00542208	0.0136846
925	0.0054185	0.0136799
926	0.00541493	0.0136752
927	0.00541137	0.0136705
928	0.00540783	0.0136659
929	0.00540429	0.0136612
930	0.00540077	0.0136565
931	0.00539726	0.0136519
932	0.00539375	0.0136472
933	0.00539026	0.0136426
934	0.00538678	0.0136379
935	0.00538332	0.0136333
936	0.00537986	0.0136286
937	0.00537641	0.013624
938	0.00537297	0.0136193
939	0.00536955	0.0136147
940	0.00536613	0.0136101
941	0.00536273	0.0136054
942	0.00535934	0.0136008
943	0.00535595	0.0135962
944	0.00535258	0.0135916
945	0.00534922	0.013587
946	0.00534587	0.0135823
947	0.00534252	0.0135777
948	0.00533919	0.0135731
949	0.00533587	0.0135685
950	0.00533256	0.0135639
951	0.00532926	0.0135593
952	0.00532597	0.0135547
953	0.00532269	0.0135501
954	0.00531942	0.0135455
955	0.00531616	0.013541
956	0.00531291	0.0135364
957	0.00530967	0.0135318
958	0.00530644	0.0135272
959	0.00530322	0.0135227
960	0.00530001	0.0135181
961	0.00529681	0.0135135
962	0.00529362	0.0135089
963	0.00529043	0.0135044
964	0.00528726	0.0134998
965	0.0052841	0.0134953
966	0.00528095	0.0134907
967	0.0052778	0.0134862
968	0.00527467	0.0134816
969	0.00527155	0.0134771
970	0.00526843	0.0134725
971	0.00526533	0.013468
972	0.00526223	0.0134635
973	0.00525915	0.013459
974	0.00525607	0.0134544
975	0.005253	0.0134499
976	0.00524994	0.0134454
977	0.00524689	0.0134409
978	0.00524385	0.0134363
979	0.00524082	0.0134318
980	0.0052378	0.0134273
981	0.00523479	0.0134228
982	0.00523179	0.0134183
983	0.00522879	0.0134138
984	0.0052258	0.0134093
985	0.00522283	0.0134048
986	0.00521986	0.0134003
987	0.0052169	0.0133958
988	0.00521395	0.0133914
989	0.00521101	0.0133869
990	0.00520808	0.0133824
991	0.00520515	0.0133779
992	0.00520224	0.0133735
993	0.00519933	0.013369
994	0.00519643	0.0133645
995	0.00519354	0.0133601
996	0.00519066	0.0133556
997	0.00518779	0.0133511
998	0.00518493	0.0133467
999	0.00518207	0.0133422
1000	0.00517922	0.0133378
1001	0.00517638	0.0133333
1002	0.00517355	0.0133289
1003	0.00517073	0.0133245
1004	0.00516792	0.01332
1005	0.00516511	0.0133156
1006	0.00516232	0.0133111
1007	0.00515953	0.0133067
1008	0.00515675	0.0133023
1009	0.00515397	0.0132979
1010	0.00515121	0.0132935
1011	0.00514845	0.013289
1012	0.00514571	0.0132846
1013	0.00514296	0.0132802
1014	0.00514023	0.0132758
1015	0.00513751	0.0132714
1016	0.00513479	0.013267
1017	0.00513208	0.0132626
1018	0.00512938	0.0132582
1019	0.00512669	0.0132538
1020	0.005124	0.0132494
1021	0.00512133	0.013245
1022	0.00511866	0.0132406
1023	0.005116	0.0132363
1024	0.00511334	0.0132319
1025	0.00511069	0.0132275
1026	0.00510806	0.0132231
1027	0.00510542	0.0132188
1028	0.0051028	0.0132144
1029	0.00510019	0.01321
1030	0.00509758	0.0132057
1031	0.00509498	0.0132013
1032	0.00509238	0.013197
1033	0.0050898	0.0131926
1034	0.00508722	0.0131883
1035	0.00508465	0.0131839
1036	0.00508208	0.0131796
1037	0.00507952	0.0131752
1038	0.00507698	0.0131709
1039	0.00507443	0.0131666
1040	0.0050719	0.0131622
1041	0.00506937	0.0131579
1042	0.00506685	0.0131536
1043	0.00506434	0.0131492
1044	0.00506183	0.0131449
1045	0.00505933	0.0131406
1046	0.00505684	0.0131363
1047	0.00505435	0.013132
1048	0.00505188	0.0131277
1049	0.00504941	0.0131234
1050	0.00504694	0.0131191
1051	0.00504448	0.0131148
1052	0.00504203	0.0131105
1053	0.00503959	0.0131062
1054	0.00503716	0.0131019
1055	0.00503473	0.0130976
1056	0.0050323	0.0130933
1057	0.00502989	0.013089
1058	0.00502748	0.0130847
1059	0.00502508	0.0130804
1060	0.00502268	0.0130762
1061	0.00502029	0.0130719
1062	0.00501791	0.0130676
1063	0.00501553	0.0130634
1064	0.00501317	0.0130591
1065	0.0050108	0.0130548
1066	0.00500845	0.0130506
1067	0.0050061	0.0130463
1068	0.00500376	0.0130421
1069	0.00500142	0.0130378
1070	0.00499909	0.0130336
1071	0.00499677	0.0130293
1072	0.00499445	0.0130251
1073	0.00499214	0.0130208
1074	0.00498984	0.0130166
1075	0.00498754	0.0130124
1076	0.00498525	0.0130081
1077	0.00498296	0.0130039
1078	0.00498069	0.0129997
1079	0.00497841	0.0129955
1080	0.00497615	0.0129912
1081	0.00497389	0.012987
1082	0.00497163	0.0129828
1083	0.00496939	0.0129786
1084	0.00496715	0.0129744
1085	0.00496491	0.0129702
1086	0.00496268	0.012966
1087	0.00496046	0.0129618
1088	0.00495824	0.0129576
1089	0.00495603	0.0129534
1090	0.00495383	0.0129492
1091	0.00495163	0.012945
1092	0.00494944	0.0129408
1093	0.00494725	0.0129366
1094	0.00494507	0.0129324
1095	0.00494289	0.0129282
1096	0.00494073	0.0129241
1097	0.00493856	0.0129199
1098	0.00493641	0.0129157
1099	0.00493425	0.0129116
1100	0.00493211	0.0129074
1101	0.00492997	0.0129032
1102	0.00492784	0.0128991
1103	0.00492571	0.0128949
1104	0.00492359	0.0128908
1105	0.00492147	0.0128866
1106	0.00491936	0.0128824
1107	0.00491725	0.0128783
1108	0.00491515	0.0128742
1109	0.00491306	0.01287
1110	0.00491097	0.0128659
1111	0.00490889	0.0128617
1112	0.00490681	0.0128576
1113	0.00490474	0.0128535
1114	0.00490267	0.0128493
1115	0.00490061	0.0128452
1116	0.00489856	0.0128411
1117	0.00489651	0.012837
1118	0.00489446	0.0128329
1119	0.00489243	0.0128287
1120	0.00489039	0.0128246
1121	0.00488837	0.0128205
1122	0.00488634	0.0128164
1123	0.00488433	0.0128123
1124	0.00488231	0.0128082
1125	0.00488031	0.0128041
1126	0.00487831	0.0128
1127	0.00487631	0.0127959
1128	0.00487432	0.0127918
1129	0.00487234	0.0127877
1130	0.00487036	0.0127836
1131	0.00486838	0.0127796
1132	0.00486641	0.0127755
1133	0.00486445	0.0127714
1134	0.00486249	0.0127673
1135	0.00486053	0.0127632
1136	0.00485858	0.0127592
1137	0.00485664	0.0127551
1138	0.0048547	0.012751
1139	0.00485277	0.012747
1140	0.00485084	0.0127429
1141	0.00484892	0.0127389
1142	0.004847	0.0127348
1143	0.00484508	0.0127307
1144	0.00484318	0.0127267
1145	0.00484127	0.0127226
1146	0.00483937	0.0127186
1147	0.00483748	0.0127146
1148	0.00483559	0.0127105
1149	0.00483371	0.0127065
1150	0.00483183	0.0127024
1151	0.00482995	0.0126984
1152	0.00482809	0.0126944
1153	0.00482622	0.0126904
1154	0.00482436	0.0126863
1155	0.00482251	0.0126823
1156	0.00482066	0.0126783
1157	0.00481881	0.0126743
1158	0.00481697	0.0126703
1159	0.00481513	0.0126662
1160	0.0048133	0.0126622
1161	0.00481148	0.0126582
1162	0.00480966	0.0126542
1163	0.00480784	0.0126502
1164	0.00480603	0.0126462
1165	0.00480422	0.0126422
1166	0.00480242	0.0126382
1167	0.00480062	0.0126342
1168	0.00479882	0.0126302
1169	0.00479703	0.0126263
1170	0.00479525	0.0126223
1171	0.00479347	0.0126183
1172	0.00479169	0.0126143
1173	0.00478992	0.0126103
1174	0.00478816	0.0126064
1175	0.00478639	0.0126024
1176	0.00478464	0.0125984
1177	0.00478288	0.0125945
1178	0.00478113	0.0125905
1179	0.00477939	0.0125865
1180	0.00477765	0.0125826
1181	0.00477592	0.0125786
1182	0.00477418	0.0125747
1183	0.00477246	0.0125707
1184	0.00477073	0.0125668
1185	0.00476902	0.0125628
1186	0.0047673	0.0125589
1187	0.00476559	0.0125549
1188	0.00476389	0.012551
1189	0.00476219	0.0125471
1190	0.00476049	0.0125431
1191	0.0047588	0.0125392
1192	0.00475711	0.0125353
1193	0.00475543	0.0125313
1194	0.00475375	0.0125274
1195	0.00475207	0.0125235
1196	0.0047504	0.0125196
1197	0.00474873	0.0125156
1198	0.00474707	0.0125117
1199	0.00474541	0.0125078
1200	0.00474376	0.0125039
1201	0.00474211	0.0125
1202	0.00474046	0.0124961
1203	0.00473882	0.0124922
1204	0.00473718	0.0124883
1205	0.00473554	0.0124844
1206	0.00473391	0.0124805
1207	0.00473229	0.0124766
1208	0.00473066	0.0124727
1209	0.00472905	0.0124688
1210	0.00472743	0.0124649
1211	0.00472582	0.0124611
1212	0.00472422	0.0124572
1213	0.00472261	0.0124533
1214	0.00472101	0.0124494
1215	0.00471942	0.0124456
1216	0.00471783	0.0124417
1217	0.00471624	0.0124378
1218	0.00471466	0.0124339
1219	0.00471308	0.0124301
1220	0.00471151	0.0124262
1221	0.00470993	0.0124224
1222	0.00470837	0.0124185
1223	0.0047068	0.0124146
1224	0.00470524	0.0124108
1225	0.00470369	0.0124069
1226	0.00470213	0.0124031
1227	0.00470059	0.0123993
1228	0.00469904	0.0123954
1229	0.0046975	0.0123916
1230	0.00469596	0.0123877
1231	0.00469443	0.0123839
1232	0.0046929	0.0123801
1233	0.00469137	0.0123762
1234	0.00468985	0.0123724
1235	0.00468833	0.0123686
1236	0.00468682	0.0123648
1237	0.00468531	0.0123609
1238	0.0046838	0.0123571
1239	0.00468229	0.0123533
1240	0.00468079	0.0123495
1241	0.0046793	0.0123457
1242	0.0046778	0.0123419
1243	0.00467631	0.0123381
1244	0.00467483	0.0123343
1245	0.00467334	0.0123305
1246	0.00467186	0.0123267
1247	0.00467039	0.0123229
1248	0.00466892	0.0123191
1249	0.00466745	0.0123153
1250	0.00466598	0.0123115
1251	0.00466452	0.0123077
1252	0.00466306	0.0123039
1253	0.00466161	0.0123001
1254	0.00466016	0.0122963
1255	0.00465871	0.0122926
1256	0.00465727	0.0122888
1257	0.00465582	0.012285
1258	0.00465439	0.0122812
1259	0.00465295	0.0122775
1260	0.00465152	0.0122737
1261	0.00465009	0.0122699
1262	0.00464867	0.0122662
1263	0.00464725	0.0122624
1264	0.00464583	0.0122587
1265	0.00464442	0.0122549
1266	0.00464301	0.0122511
1267	0.0046416	0.0122474
1268	0.0046402	0.0122436
1269	0.0046388	0.0122399
1270	0.0046374	0.0122362
1271	0.004636	0.0122324
1272	0.00463461	0.0122287
1273	0.00463323	0.0122249
1274	0.00463184	0.0122212
1275	0.00463046	0.0122175
1276	0.00462908	0.0122137
1277	0.00462771	0.01221
1278	0.00462634	0.0122063
1279	0.00462497	0.0122026
1280	0.0046236	0.0121988
1281	0.00462224	0.0121951
1282	0.00462088	0.0121914
1283	0.00461952	0.0121877
1284	0.00461817	0.012184
1285	0.00461682	0.0121803
1286	0.00461548	0.0121766
1287	0.00461413	0.0121729
1288	0.00461279	0.0121692
1289	0.00461146	0.0121655
1290	0.00461012	0.0121618
1291	0.00460879	0.0121581
1292	0.00460746	0.0121544
1293	0.00460614	0.0121507
1294	0.00460482	0.012147
1295	0.0046035	0.0121433
1296	0.00460218	0.0121396
1297	0.00460087	0.0121359
1298	0.00459956	0.0121322
1299	0.00459825	0.0121286
1300	0.00459695	0.0121249
1301	0.00459565	0.0121212
1302	0.00459435	0.0121175
1303	0.00459305	0.0121139
1304	0.00459176	0.0121102
1305	0.00459047	0.0121065
1306	0.00458919	0.0121029
1307	0.0045879	0.0120992
1308	0.00458662	0.0120956
1309	0.00458535	0.0120919
1310	0.00458407	0.0120882
1311	0.0045828	0.0120846
1312	0.00458153	0.0120809
1313	0.00458027	0.0120773
1314	0.004579	0.0120736
1315	0.00457774	0.01207
1316	0.00457649	0.0120664
1317	0.00457523	0.0120627
1318	0.00457398	0.0120591
1319	0.00457273	0.0120555
1320	0.00457149	0.0120518
1321	0.00457024	0.0120482
1322	0.004569	0.0120446
1323	0.00456776	0.0120409
1324	0.00456653	0.0120373
1325	0.0045653	0.0120337
1326	0.00456407	0.0120301
1327	0.00456284	0.0120265
1328	0.00456162	0.0120228
1329	0.0045604	0.0120192
1330	0.00455918	0.0120156
1331	0.00455796	0.012012
1332	0.00455675	0.0120084
1333	0.00455554	0.0120048
1334	0.00455433	0.0120012
1335	0.00455313	0.0119976
1336	0.00455192	0.011994
1337	0.00455072	0.0119904
1338	0.00454953	0.0119868
1339	0.00454833	0.0119832
1340	0.00454714	0.0119796
1341	0.00454595	0.011976
1342	0.00454477	0.0119725
1343	0.00454358	0.0119689
1344	0.0045424	0.0119653
1345	0.00454122	0.0119617
1346	0.00454005	0.0119581
1347	0.00453887	0.0119546
1348	0.0045377	0.011951
1349	0.00453653	0.0119474
1350	0.00453537	0.0119439
1351	0.0045342	0.0119403
1352	0.00453304	0.0119367
1353	0.00453188	0.0119332
1354	0.00453073	0.0119296
1355	0.00452958	0.0119261
1356	0.00452843	0.0119225
1357	0.00452728	0.011919
1358	0.00452613	0.0119154
1359	0.00452499	0.0119119
1360	0.00452385	0.0119083
1361	0.00452271	0.0119048
1362	0.00452157	0.0119012
1363	0.00452044	0.0118977
1364	0.00451931	0.0118941
1365	0.00451818	0.0118906
1366	0.00451706	0.0118871
1367	0.00451593	0.0118835
1368	0.00451481	0.01188
1369	0.00451369	0.0118765
1370	0.00451258	0.011873
1371	0.00451146	0.0118694
1372	0.00451035	0.0118659
1373	0.00450924	0.0118624
1374	0.00450814	0.0118589
1375	0.00450703	0.0118554
1376	0.00450593	0.0118519
1377	0.00450483	0.0118483
1378	0.00450373	0.0118448
1379	0.00450264	0.0118413
1380	0.00450155	0.0118378
1381	0.00450046	0.0118343
1382	0.00449937	0.0118308
1383	0.00449828	0.0118273
1384	0.0044972	0.0118238
1385	0.00449612	0.0118203
1386	0.00449504	0.0118168
1387	0.00449396	0.0118133
1388	0.00449289	0.0118099
1389	0.00449182	0.0118064
1390	0.00449075	0.0118029
1391	0.00448968	0.0117994
1392	0.00448862	0.0117959
1393	0.00448755	0.0117925
1394	0.00448649	0.011789
1395	0.00448543	0.0117855
1396	0.00448438	0.011782
1397	0.00448332	0.0117786
1398	0.00448227	0.0117751
1399	0.00448122	0.0117716
1400	0.00448018	0.0117682
1401	0.00447913	0.0117647
1402	0.00447809	0.0117612
1403	0.00447705	0.0117578
1404	0.00447601	0.0117543
1405	0.00447497	0.0117509
1406	0.00447394	0.0117474
1407	0.00447291	0.011744
1408	0.00447188	0.0117405
1409	0.00447085	0.0117371
1410	0.00446982	0.0117336
1411	0.0044688	0.0117302
1412	0.00446778	0.0117268
1413	0.00446676	0.0117233
1414	0.00446574	0.0117199
1415	0.00446473	0.0117165
1416	0.00446372	0.011713
1417	0.00446271	0.0117096
1418	0.0044617	0.0117062
1419	0.00446069	0.0117028
1420	0.00445969	0.0116993
1421	0.00445868	0.0116959
1422	0.00445768	0.0116925
1423	0.00445669	0.0116891
1424	0.00445569	0.0116857
1425	0.0044547	0.0116822
1426	0.0044537	0.0116788
1427	0.00445271	0.0116754
1428	0.00445173	0.011672
1429	0.00445074	0.0116686
1430	0.00444976	0.0116652
1431	0.00444877	0.0116618
1432	0.00444779	0.0116584
1433	0.00444682	0.011655
1434	0.00444584	0.0116516
1435	0.00444487	0.0116482
1436	0.0044439	0.0116448
1437	0.00444293	0.0116414
1438	0.00444196	0.0116381
1439	0.00444099	0.0116347
1440	0.00444003	0.0116313
1441	0.00443907	0.0116279
1442	0.00443811	0.0116245
1443	0.00443715	0.0116212
1444	0.00443619	0.0116178
1445	0.00443524	0.0116144
1446	0.00443429	0.011611
1447	0.00443334	0.0116077
1448	0.00443239	0.0116043
1449	0.00443144	0.0116009
1450	0.0044305	0.0115976
1451	0.00442955	0.0115942
1452	0.00442861	0.0115908
1453	0.00442767	0.0115875
1454	0.00442674	0.0115841
1455	0.0044258	0.0115808
1456	0.00442487	0.0115774
1457	0.00442394	0.0115741
1458	0.00442301	0.0115707
1459	0.00442208	0.0115674
1460	0.00442115	0.011564
1461	0.00442023	0.0115607
1462	0.00441931	0.0115574
1463	0.00441839	0.011554
1464	0.00441747	0.0115507
1465	0.00441655	0.0115473
1466	0.00441564	0.011544
1467	0.00441472	0.0115407
1468	0.00441381	0.0115374
1469	0.0044129	0.011534
1470	0.004412	0.0115307
1471	0.00441109	0.0115274
1472	0.00441019	0.0115241
1473	0.00440929	0.0115207
1474	0.00440839	0.0115174
1475	0.00440749	0.0115141
1476	0.00440659	0.0115108
1477	0.00440569	0.0115075
1478	0.0044048	0.0115042
1479	0.00440391	0.0115009
1480	0.00440302	0.0114976
1481	0.00440213	0.0114943
1482	0.00440125	0.011491
1483	0.00440036	0.0114877
1484	0.00439948	0.0114844
1485	0.0043986	0.0114811
1486	0.00439772	0.0114778
1487	0.00439684	0.0114745
1488	0.00439597	0.0114712
1489	0.00439509	0.0114679
1490	0.00439422	0.0114646
1491	0.00439335	0.0114613
1492	0.00439248	0.011458
1493	0.00439161	0.0114548
1494	0.00439075	0.0114515
1495	0.00438988	0.0114482
1496	0.00438902	0.0114449
1497	0.00438816	0.0114416
1498	0.0043873	0.0114384
1499	0.00438644	0.0114351
1500	0.00438559	0.0114318
1501	0.00438474	0.0114286
1502	0.00438388	0.0114253
1503	0.00438303	0.011422
1504	0.00438218	0.0114188
1505	0.00438134	0.0114155
1506	0.00438049	0.0114123
1507	0.00437965	0.011409
1508	0.0043788	0.0114058
1509	0.00437796	0.0114025
1510	0.00437713	0.0113993
1511	0.00437629	0.011396
1512	0.00437545	0.0113928
1513	0.00437462	0.0113895
1514	0.00437378	0.0113863
1515	0.00437295	0.011383
1516	0.00437212	0.0113798
1517	0.0043713	0.0113766
1518	0.00437047	0.0113733
1519	0.00436965	0.0113701
1520	0.00436882	0.0113669
1521	0.004368	0.0113636
1522	0.00436718	0.0113604
1523	0.00436636	0.0113572
1524	0.00436555	0.011354
1525	0.00436473	0.0113507
1526	0.00436392	0.0113475
1527	0.0043631	0.0113443
1528	0.00436229	0.0113411
1529	0.00436148	0.0113379
1530	0.00436068	0.0113347
1531	0.00435987	0.0113314
1532	0.00435907	0.0113282
1533	0.00435826	0.011325
1534	0.00435746	0.0113218
1535	0.00435666	0.0113186
1536	0.00435586	0.0113154
1537	0.00435507	0.0113122
1538	0.00435427	0.011309
1539	0.00435348	0.0113058
1540	0.00435269	0.0113026
1541	0.00435189	0.0112994
1542	0.0043511	0.0112962
1543	0.00435032	0.0112931
1544	0.00434953	0.0112899
1545	0.00434875	0.0112867
1546	0.00434796	0.0112835
1547	0.00434718	0.0112803
1548	0.0043464	0.0112771
1549	0.00434562	0.011274
1550	0.00434484	0.0112708
1551	0.00434407	0.0112676
1552	0.00434329	0.0112644
1553	0.00434252	0.0112613
1554	0.00434175	0.0112581
1555	0.00434098	0.0112549
1556	0.00434021	0.0112518
1557	0.00433944	0.0112486
1558	0.00433867	0.0112454
1559	0.00433791	0.0112423
1560	0.00433714	0.0112391
1561	0.00433638	0.011236
1562	0.00433562	0.0112328
1563	0.00433486	0.0112296
1564	0.00433411	0.0112265
1565	0.00433335	0.0112233
1566	0.00433259	0.0112202
1567	0.00433184	0.011217
1568	0.00433109	0.0112139
1569	0.00433034	0.0112108
1570	0.00432959	0.0112076
1571	0.00432884	0.0112045
1572	0.00432809	0.0112013
1573	0.00432735	0.0111982
1574	0.00432661	0.0111951
1575	0.00432586	0.0111919
1576	0.00432512	0.0111888
1577	0.00432438	0.0111857
1578	0.00432364	0.0111826
1579	0.00432291	0.0111794
1580	0.00432217	0.0111763
1581	0.00432144	0.0111732
1582	0.0043207	0.0111701
1583	0.00431997	0.0111669
1584	0.00431924	0.0111638
1585	0.00431851	0.0111607
1586	0.00431778	0.0111576
1587	0.00431706	0.0111545
1588	0.00431633	0.0111514
1589	0.00431561	0.0111483
1590	0.00431489	0.0111452
1591	0.00431417	0.0111421
1592	0.00431345	0.011139
1593	0.00431273	0.0111359
1594	0.00431201	0.0111328
1595	0.0043113	0.0111297
1596	0.00431058	0.0111266
1597	0.00430987	0.0111235
1598	0.00430916	0.0111204
1599	0.00430844	0.0111173
1600	0.00430774	0.0111142
1601	0.00430703	0.0111111
1602	0.00430632	0.011108
1603	0.00430561	0.0111049
1604	0.00430491	0.0111019
1605	0.00430421	0.0110988
1606	0.00430351	0.0110957
1607	0.0043028	0.0110926
1608	0.00430211	0.0110895
1609	0.00430141	0.0110865
1610	0.00430071	0.0110834
1611	0.00430002	0.0110803
1612	0.00429932	0.0110773
1613	0.00429863	0.0110742
1614	0.00429794	0.0110711
1615	0.00429725	0.0110681
1616	0.00429656	0.011065
1617	0.00429587	0.0110619
1618	0.00429518	0.0110589
1619	0.0042945	0.0110558
1620	0.00429381	0.0110528
1621	0.00429313	0.0110497
1622	0.00429245	0.0110467
1623	0.00429176	0.0110436
1624	0.00429109	0.0110406
1625	0.00429041	0.0110375
1626	0.00428973	0.0110345
1627	0.00428905	0.0110314
1628	0.00428838	0.0110284
1629	0.00428771	0.0110254
1630	0.00428703	0.0110223
1631	0.00428636	0.0110193
1632	0.00428569	0.0110162
1633	0.00428502	0.0110132
1634	0.00428436	0.0110102
1635	0.00428369	0.0110072
1636	0.00428302	0.0110041
1637	0.00428236	0.0110011
1638	0.0042817	0.0109981
1639	0.00428103	0.0109951
1640	0.00428037	0.010992
1641	0.00427971	0.010989
1642	0.00427906	0.010986
1643	0.0042784	0.010983
1644	0.00427774	0.01098
1645	0.00427709	0.0109769
1646	0.00427643	0.0109739
1647	0.00427578	0.0109709
1648	0.00427513	0.0109679
1649	0.00427448	0.0109649
1650	0.00427383	0.0109619
1651	0.00427318	0.0109589
1652	0.00427253	0.0109559
1653	0.00427189	0.0109529
1654	0.00427124	0.0109499
1655	0.0042706	0.0109469
1656	0.00426996	0.0109439
1657	0.00426932	0.0109409
1658	0.00426868	0.0109379
1659	0.00426804	0.0109349
1660	0.0042674	0.0109319
1661	0.00426676	0.010929
1662	0.00426613	0.010926
1663	0.00426549	0.010923
1664	0.00426486	0.01092
1665	0.00426423	0.010917
1666	0.00426359	0.0109141
1667	0.00426296	0.0109111
1668	0.00426233	0.0109081
1669	0.00426171	0.0109051
1670	0.00426108	0.0109022
1671	0.00426045	0.0108992
1672	0.00425983	0.0108962
1673	0.0042592	0.0108932
1674	0.00425858	0.0108903
1675	0.00425796	0.0108873
1676	0.00425734	0.0108844
1677	0.00425672	0.0108814
1678	0.0042561	0.0108784
1679	0.00425548	0.0108755
1680	0.00425487	0.0108725
1681	0.00425425	0.0108696
1682	0.00425364	0.0108666
1683	0.00425302	0.0108637
1684	0.00425241	0.0108607
1685	0.0042518	0.0108578
1686	0.00425119	0.0108548
1687	0.00425058	0.0108519
1688	0.00424997	0.0108489
1689	0.00424936	0.010846
1690	0.00424876	0.010843
1691	0.00424815	0.0108401
1692	0.00424755	0.0108372
1693	0.00424695	0.0108342
1694	0.00424634	0.0108313
1695	0.00424574	0.0108284
1696	0.00424514	0.0108254
1697	0.00424454	0.0108225
1698	0.00424395	0.0108196
1699	0.00424335	0.0108167
1700	0.00424275	0.0108137
1701	0.00424216	0.0108108
1702	0.00424156	0.0108079
1703	0.00424097	0.010805
1704	0.00424038	0.0108021
1705	0.00423979	0.0107991
1706	0.0042392	0.0107962
1707	0.00423861	0.0107933
1708	0.00423802	0.0107904
1709	0.00423743	0.0107875
1710	0.00423685	0.0107846
1711	0.00423626	0.0107817
1712	0.00423568	0.0107788
1713	0.0042351	0.0107759
1714	0.00423451	0.010773
1715	0.00423393	0.0107701
1716	0.00423335	0.0107672
1717	0.00423277	0.0107643
1718	0.00423219	0.0107614
1719	0.00423162	0.0107585
1720	0.00423104	0.0107556
1721	0.00423046	0.0107527
1722	0.00422989	0.0107498
1723	0.00422932	0.0107469
1724	0.00422874	0.010744
1725	0.00422817	0.0107411
1726	0.0042276	0.0107383
1727	0.00422703	0.0107354
1728	0.00422646	0.0107325
1729	0.0042259	0.0107296
1730	0.00422533	0.0107267
1731	0.00422476	0.0107239
1732	0.0042242	0.010721
1733	0.00422363	0.0107181
1734	0.00422307	0.0107152
1735	0.00422251	0.0107124
1736	0.00422195	0.0107095
1737	0.00422139	0.0107066
1738	0.00422083	0.0107038
1739	0.00422027	0.0107009
1740	0.00421971	0.010698
1741	0.00421915	0.0106952
1742	0.0042186	0.0106923
1743	0.00421804	0.0106895
1744	0.00421749	0.0106866
1745	0.00421694	0.0106838
1746	0.00421638	0.0106809
1747	0.00421583	0.0106781
1748	0.00421528	0.0106752
1749	0.00421473	0.0106724
1750	0.00421418	0.0106695
1751	0.00421364	0.0106667
1752	0.00421309	0.0106638
1753	0.00421254	0.010661
1754	0.004212	0.0106581
1755	0.00421145	0.0106553
1756	0.00421091	0.0106525
1757	0.00421037	0.0106496
1758	0.00420983	0.0106468
1759	0.00420929	0.010644
1760	0.00420875	0.0106411
1761	0.00420821	0.0106383
1762	0.00420767	0.0106355
1763	0.00420713	0.0106326
1764	0.0042066	0.0106298
1765	0.00420606	0.010627
1766	0.00420553	0.0106242
1767	0.00420499	0.0106213
1768	0.00420446	0.0106185
1769	0.00420393	0.0106157
1770	0.0042034	0.0106129
1771	0.00420287	0.0106101
1772	0.00420234	0.0106073
1773	0.00420181	0.0106045
1774	0.00420128	0.0106016
1775	0.00420075	0.0105988
1776	0.00420023	0.010596
1777	0.0041997	0.0105932
1778	0.00419918	0.0105904
1779	0.00419865	0.0105876
1780	0.00419813	0.0105848
1781	0.00419761	0.010582
1782	0.00419709	0.0105792
1783	0.00419657	0.0105764
1784	0.00419605	0.0105736
1785	0.00419553	0.0105708
1786	0.00419501	0.010568
1787	0.0041945	0.0105652
1788	0.00419398	0.0105625
1789	0.00419346	0.0105597
1790	0.00419295	0.0105569
1791	0.00419244	0.0105541
1792	0.00419192	0.0105513
1793	0.00419141	0.0105485
1794	0.0041909	0.0105457
1795	0.00419039	0.010543
1796	0.00418988	0.0105402
1797	0.00418937	0.0105374
1798	0.00418886	0.0105346
1799	0.00418836	0.0105319
1800	0.00418785	0.0105291
1801	0.00418734	0.0105263
1802	0.00418684	0.0105235
1803	0.00418634	0.0105208
1804	0.00418583	0.010518
1805	0.00418533	0.0105152
1806	0.00418483	0.0105125
1807	0.00418433	0.0105097
1808	0.00418383	0.010507
1809	0.00418333	0.0105042
1810	0.00418283	0.0105014
1811	0.00418233	0.0104987
1812	0.00418183	0.0104959
1813	0.00418134	0.0104932
1814	0.00418084	0.0104904
1815	0.00418035	0.0104877
1816	0.00417985	0.0104849
1817	0.00417936	0.0104822
1818	0.00417887	0.0104794
1819	0.00417838	0.0104767
1820	0.00417789	0.0104739
1821	0.0041774	0.0104712
1822	0.00417691	0.0104685
1823	0.00417642	0.0104657
1824	0.00417593	0.010463
1825	0.00417544	0.0104603
1826	0.00417496	0.0104575
1827	0.00417447	0.0104548
1828	0.00417399	0.0104521
1829	0.0041735	0.0104493
1830	0.00417302	0.0104466
1831	0.00417254	0.0104439
1832	0.00417206	0.0104411
1833	0.00417158	0.0104384
1834	0.0041711	0.0104357
1835	0.00417062	0.010433
1836	0.00417014	0.0104302
1837	0.00416966	0.0104275
1838	0.00416918	0.0104248
1839	0.00416871	0.0104221
1840	0.00416823	0.0104194
1841	0.00416776	0.0104167
1842	0.00416728	0.010414
1843	0.00416681	0.0104112
1844	0.00416633	0.0104085
1845	0.00416586	0.0104058
1846	0.00416539	0.0104031
1847	0.00416492	0.0104004
1848	0.00416445	0.0103977
1849	0.00416398	0.010395
1850	0.00416351	0.0103923
1851	0.00416304	0.0103896
1852	0.00416258	0.0103869
1853	0.00416211	0.0103842
1854	0.00416164	0.0103815
1855	0.00416118	0.0103788
1856	0.00416072	0.0103761
1857	0.00416025	0.0103734
1858	0.00415979	0.0103708
1859	0.00415933	0.0103681
1860	0.00415887	0.0103654
1861	0.0041584	0.0103627
1862	0.00415794	0.01036
1863	0.00415748	0.0103573
1864	0.00415703	0.0103546
1865	0.00415657	0.010352
1866	0.00415611	0.0103493
1867	0.00415565	0.0103466
1868	0.0041552	0.0103439
1869	0.00415474	0.0103413
1870	0.00415429	0.0103386
1871	0.00415383	0.0103359
1872	0.00415338	0.0103332
1873	0.00415293	0.0103306
1874	0.00415248	0.0103279
1875	0.00415203	0.0103252
1876	0.00415158	0.0103226
1877	0.00415113	0.0103199
1878	0.00415068	0.0103173
1879	0.00415023	0.0103146
1880	0.00414978	0.0103119
1881	0.00414933	0.0103093
1882	0.00414889	0.0103066
1883	0.00414844	0.010304
1884	0.004148	0.0103013
1885	0.00414755	0.0102987
1886	0.00414711	0.010296
1887	0.00414666	0.0102934
1888	0.00414622	0.0102907
1889	0.00414578	0.0102881
1890	0.00414534	0.0102854
1891	0.0041449	0.0102828
1892	0.00414446	0.0102801
1893	0.00414402	0.0102775
1894	0.00414358	0.0102749
1895	0.00414314	0.0102722
1896	0.00414271	0.0102696
1897	0.00414227	0.0102669
1898	0.00414183	0.0102643
1899	0.0041414	0.0102617
1900	0.00414096	0.010259
1901	0.00414053	0.0102564
1902	0.0041401	0.0102538
1903	0.00413966	0.0102512
1904	0.00413923	0.0102485
1905	0.0041388	0.0102459
1906	0.00413837	0.0102433
1907	0.00413794	0.0102407
1908	0.00413751	0.010238
1909	0.00413708	0.0102354
1910	0.00413665	0.0102328
1911	0.00413622	0.0102302
1912	0.0041358	0.0102276
1913	0.00413537	0.0102249
1914	0.00413495	0.0102223
1915	0.00413452	0.0102197
1916	0.0041341	0.0102171
1917	0.00413367	0.0102145
1918	0.00413325	0.0102119
1919	0.00413283	0.0102093
1920	0.0041324	0.0102067
1921	0.00413198	0.0102041
1922	0.00413156	0.0102015
1923	0.00413114	0.0101989
1924	0.00413072	0.0101963
1925	0.0041303	0.0101937
1926	0.00412988	0.0101911
1927	0.00412947	0.0101885
1928	0.00412905	0.0101859
1929	0.00412863	0.0101833
1930	0.00412822	0.0101807
1931	0.0041278	0.0101781
1932	0.00412739	0.0101755
1933	0.00412697	0.0101729
1934	0.00412656	0.0101704
1935	0.00412615	0.0101678
1936	0.00412573	0.0101652
1937	0.00412532	0.0101626
1938	0.00412491	0.01016
1939	0.0041245	0.0101574
1940	0.00412409	0.0101549
1941	0.00412368	0.0101523
1942	0.00412327	0.0101497
1943	0.00412286	0.0101471
1944	0.00412246	0.0101446
1945	0.00412205	0.010142
1946	0.00412164	0.0101394
1947	0.00412124	0.0101368
1948	0.00412083	0.0101343
1949	0.00412043	0.0101317
1950	0.00412002	0.0101291
1951	0.00411962	0.0101266
1952	0.00411922	0.010124
1953	0.00411882	0.0101215
1954	0.00411841	0.0101189
1955	0.00411801	0.0101163
1956	0.00411761	0.0101138
1957	0.00411721	0.0101112
1958	0.00411681	0.0101087
1959	0.00411641	0.0101061
1960	0.00411601	0.0101036
1961	0.00411562	0.010101
1962	0.00411522	0.0100985
1963	0.00411482	0.0100959
1964	0.00411443	0.0100934
1965	0.00411403	0.0100908
1966	0.00411364	0.0100883
1967	0.00411324	0.0100857
1968	0.00411285	0.0100832
1969	0.00411246	0.0100806
1970	0.00411206	0.0100781
1971	0.00411167	0.0100756
1972	0.00411128	0.010073
1973	0.00411089	0.0100705
1974	0.0041105	0.010068
1975	0.00411011	0.0100654
1976	0.00410972	0.0100629
1977	0.00410933	0.0100604
1978	0.00410894	0.0100578
1979	0.00410855	0.0100553
1980	0.00410817	0.0100528
1981	0.00410778	0.0100503
1982	0.00410739	0.0100477
1983	0.00410701	0.0100452
1984	0.00410662	0.0100427
1985	0.00410624	0.0100402
1986	0.00410585	0.0100376
1987	0.00410547	0.0100351
1988	0.00410509	0.0100326
1989	0.00410471	0.0100301
1990	0.00410432	0.0100276
1991	0.00410394	0.0100251
1992	0.00410356	0.0100226
1993	0.00410318	0.01002
1994	0.0041028	0.0100175
1995	0.00410242	0.010015
1996	0.00410204	0.0100125
1997	0.00410167	0.01001
1998	0.00410129	0.0100075
1999	0.00410091	0.010005
2000	0.00410053	0.0100025
2001	0.00410016	0.01
2002	0.00409978	0.0099975
2003	0.00409941	0.009995
2004	0.00409903	0.00999251
2005	0.00409866	0.00999001
2006	0.00409829	0.00998752
2007	0.00409791	0.00998502
2008	0.00409754	0.00998253
2009	0.00409717	0.00998004
2010	0.0040968	0.00997755
2011	0.00409643	0.00997506
2012	0.00409606	0.00997258
2013	0.00409569	0.00997009
2014	0.00409532	0.00996761
2015	0.00409495	0.00996512
2016	0.00409458	0.00996264
2017	0.00409421	0.00996016
2018	0.00409385	0.00995768
2019	0.00409348	0.0099552
2020	0.00409311	0.00995272
2021	0.00409275	0.00995025
2022	0.00409238	0.00994777
2023	0.00409202	0.0099453
2024	0.00409165	0.00994283
2025	0.00409129	0.00994036
2026	0.00409093	0.00993789
2027	0.00409056	0.00993542
2028	0.0040902	0.00993295
2029	0.00408984	0.00993049
2030	0.00408948	0.00992802
2031	0.00408912	0.00992556
2032	0.00408876	0.0099231
2033	0.0040884	0.00992063
2034	0.00408804	0.00991818
2035	0.00408768	0.00991572
2036	0.00408732	0.00991326
2037	0.00408696	0.0099108
2038	0.0040866	0.00990835
2039	0.00408625	0.00990589
2040	0.00408589	0.00990344
2041	0.00408554	0.00990099
2042	0.00408518	0.00989854
2043	0.00408482	0.00989609
2044	0.00408447	0.00989364
2045	0.00408412	0.0098912
2046	0.00408376	0.00988875
2047	0.00408341	0.00988631
2048	0.00408306	0.00988386
2049	0.00408271	0.00988142
2050	0.00408235	0.00987898
2051	0.004082	0.00987654
2052	0.00408165	0.00987411
2053	0.0040813	0.00987167
2054	0.00408095	0.00986923
2055	0.0040806	0.0098668
2056	0.00408025	0.00986436
2057	0.00407991	0.00986193
2058	0.00407956	0.0098595
2059	0.00407921	0.00985707
2060	0.00407886	0.00985464
2061	0.00407852	0.00985222
2062	0.00407817	0.00984979
2063	0.00407783	0.00984737
2064	0.00407748	0.00984494
2065	0.00407714	0.00984252
2066	0.00407679	0.0098401
2067	0.00407645	0.00983768
2068	0.0040761	0.00983526
2069	0.00407576	0.00983284
2070	0.00407542	0.00983043
2071	0.00407508	0.00982801
2072	0.00407474	0.0098256
2073	0.0040744	0.00982318
2074	0.00407405	0.00982077
2075	0.00407371	0.00981836
2076	0.00407338	0.00981595
2077	0.00407304	0.00981354
2078	0.0040727	0.00981114
2079	0.00407236	0.00980873
2080	0.00407202	0.00980633
2081	0.00407168	0.00980392
2082	0.00407135	0.00980152
2083	0.00407101	0.00979912
2084	0.00407067	0.00979672
2085	0.00407034	0.00979432
2086	0.00407	0.00979192
2087	0.00406967	0.00978953
2088	0.00406933	0.00978713
2089	0.004069	0.00978474
2090	0.00406867	0.00978234
2091	0.00406833	0.00977995
2092	0.004068	0.00977756
2093	0.00406767	0.00977517
2094	0.00406734	0.00977278
2095	0.00406701	0.0097704
2096	0.00406668	0.00976801
2097	0.00406635	0.00976562
2098	0.00406602	0.00976324
2099	0.00406569	0.00976086
2100	0.00406536	0.00975848
2101	0.00406503	0.0097561
2102	0.0040647	0.00975372
2103	0.00406437	0.00975134
2104	0.00406405	0.00974896
2105	0.00406372	0.00974659
2106	0.00406339	0.00974421
2107	0.00406307	0.00974184
2108	0.00406274	0.00973947
2109	0.00406242	0.0097371
2110	0.00406209	0.00973473
2111	0.00406177	0.00973236
2112	0.00406144	0.00972999
2113	0.00406112	0.00972763
2114	0.0040608	0.00972526
2115	0.00406047	0.0097229
2116	0.00406015	0.00972053
2117	0.00405983	0.00971817
2118	0.00405951	0.00971581
2119	0.00405919	0.00971345
2120	0.00405887	0.00971109
2121	0.00405855	0.00970874
2122	0.00405823	0.00970638
2123	0.00405791	0.00970403
2124	0.00405759	0.00970167
2125	0.00405727	0.00969932
2126	0.00405695	0.00969697
2127	0.00405663	0.00969462
2128	0.00405632	0.00969227
2129	0.004056	0.00968992
2130	0.00405568	0.00968758
2131	0.00405537	0.00968523
2132	0.00405505	0.00968289
2133	0.00405473	0.00968054
2134	0.00405442	0.0096782
2135	0.00405411	0.00967586
2136	0.00405379	0.00967352
2137	0.00405348	0.00967118
2138	0.00405316	0.00966884
2139	0.00405285	0.00966651
2140	0.00405254	0.00966417
2141	0.00405223	0.00966184
2142	0.00405191	0.0096595
2143	0.0040516	0.00965717
2144	0.00405129	0.00965484
2145	0.00405098	0.00965251
2146	0.00405067	0.00965018
2147	0.00405036	0.00964785
2148	0.00405005	0.00964553
2149	0.00404974	0.0096432
2150	0.00404944	0.00964088
2151	0.00404913	0.00963855
2152	0.00404882	0.00963623
2153	0.00404851	0.00963391
2154	0.0040482	0.00963159
2155	0.0040479	0.00962927
2156	0.00404759	0.00962696
2157	0.00404729	0.00962464
2158	0.00404698	0.00962232
2159	0.00404668	0.00962001
2160	0.00404637	0.0096177
2161	0.00404607	0.00961538
2162	0.00404576	0.00961307
2163	0.00404546	0.00961076
2164	0.00404516	0.00960846
2165	0.00404485	0.00960615
2166	0.00404455	0.00960384
2167	0.00404425	0.00960154
2168	0.00404395	0.00959923
2169	0.00404365	0.00959693
2170	0.00404334	0.00959463
2171	0.00404304	0.00959233
2172	0.00404274	0.00959003
2173	0.00404244	0.00958773
2174	0.00404214	0.00958543
2175	0.00404185	0.00958313
2176	0.00404155	0.00958084
2177	0.00404125	0.00957854
2178	0.00404095	0.00957625
2179	0.00404065	0.00957396
2180	0.00404036	0.00957167
2181	0.00404006	0.00956938
2182	0.00403976	0.00956709
2183	0.00403947	0.0095648
2184	0.00403917	0.00956251
2185	0.00403887	0.00956023
2186	0.00403858	0.00955795
2187	0.00403829	0.00955566
2188	0.00403799	0.00955338
2189	0.0040377	0.0095511
2190	0.0040374	0.00954882
2191	0.00403711	0.00954654
2192	0.00403682	0.00954426
2193	0.00403652	0.00954198
2194	0.00403623	0.00953971
2195	0.00403594	0.00953743
2196	0.00403565	0.00953516
2197	0.00403536	0.00953289
2198	0.00403507	0.00953062
2199	0.00403478	0.00952835
2200	0.00403449	0.00952608
2201	0.0040342	0.00952381
2202	0.00403391	0.00952154
2203	0.00403362	0.00951928
2204	0.00403333	0.00951701
2205	0.00403304	0.00951475
2206	0.00403275	0.00951249
2207	0.00403247	0.00951022
2208	0.00403218	0.00950796
2209	0.00403189	0.0095057
2210	0.00403161	0.00950344
2211	0.00403132	0.00950119
2212	0.00403103	0.00949893
2213	0.00403075	0.00949668
2214	0.00403046	0.00949442
2215	0.00403018	0.00949217
2216	0.00402989	0.00948992
2217	0.00402961	0.00948767
2218	0.00402933	0.00948542
2219	0.00402904	0.00948317
2220	0.00402876	0.00948092
2221	0.00402848	0.00947867
2222	0.0040282	0.00947643
2223	0.00402791	0.00947418
2224	0.00402763	0.00947194
2225	0.00402735	0.0094697
2226	0.00402707	0.00946746
2227	0.00402679	0.00946522
2228	0.00402651	0.00946298
2229	0.00402623	0.00946074
2230	0.00402595	0.0094585
2231	0.00402567	0.00945626
2232	0.00402539	0.00945403
2233	0.00402511	0.0094518
2234	0.00402483	0.00944956
2235	0.00402455	0.00944733
2236	0.00402428	0.0094451
2237	0.004024	0.00944287
2238	0.00402372	0.00944064
2239	0.00402345	0.00943841
2240	0.00402317	0.00943619
2241	0.00402289	0.00943396
2242	0.00402262	0.00943174
2243	0.00402234	0.00942951
2244	0.00402207	0.00942729
2245	0.00402179	0.00942507
2246	0.00402152	0.00942285
2247	0.00402124	0.00942063
2248	0.00402097	0.00941841
2249	0.0040207	0.0094162
2250	0.00402042	0.00941398
2251	0.00402015	0.00941176
2252	0.00401988	0.00940955
2253	0.00401961	0.00940734
2254	0.00401933	0.00940513
2255	0.00401906	0.00940291
2256	0.00401879	0.00940071
2257	0.00401852	0.0093985
2258	0.00401825	0.00939629
2259	0.00401798	0.00939408
2260	0.00401771	0.00939188
2261	0.00401744	0.00938967
2262	0.00401717	0.00938747
2263	0.0040169	0.00938527
2264	0.00401663	0.00938306
2265	0.00401637	0.00938086
2266	0.0040161	0.00937866
2267	0.00401583	0.00937647
2268	0.00401556	0.00937427
2269	0.00401529	0.00937207
2270	0.00401503	0.00936988
2271	0.00401476	0.00936768
2272	0.0040145	0.00936549
2273	0.00401423	0.0093633
2274	0.00401396	0.0093611
2275	0.0040137	0.00935891
2276	0.00401343	0.00935673
2277	0.00401317	0.00935454
2278	0.0040129	0.00935235
2279	0.00401264	0.00935016
2280	0.00401238	0.00934798
2281	0.00401211	0.00934579
2282	0.00401185	0.00934361
2283	0.00401159	0.00934143
2284	0.00401132	0.00933925
2285	0.00401106	0.00933707
2286	0.0040108	0.00933489
2287	0.00401054	0.00933271
2288	0.00401028	0.00933053
2289	0.00401002	0.00932836
2290	0.00400976	0.00932618
2291	0.0040095	0.00932401
2292	0.00400924	0.00932184
2293	0.00400898	0.00931966
2294	0.00400872	0.00931749
2295	0.00400846	0.00931532
2296	0.0040082	0.00931315
2297	0.00400794	0.00931099
2298	0.00400768	0.00930882
2299	0.00400742	0.00930665
2300	0.00400717	0.00930449
2301	0.00400691	0.00930233
2302	0.00400665	0.00930016
2303	0.00400639	0.009298
2304	0.00400614	0.00929584
2305	0.00400588	0.00929368
2306	0.00400562	0.00929152
2307	0.00400537	0.00928936
2308	0.00400511	0.00928721
2309	0.00400486	0.00928505
2310	0.0040046	0.0092829
2311	0.00400435	0.00928074
2312	0.00400409	0.00927859
2313	0.00400384	0.00927644
2314	0.00400359	0.00927429
2315	0.00400333	0.00927214
2316	0.00400308	0.00926999
2317	0.00400283	0.00926784
2318	0.00400257	0.00926569
2319	0.00400232	0.00926355
2320	0.00400207	0.0092614
2321	0.00400182	0.00925926
2322	0.00400157	0.00925712
2323	0.00400132	0.00925497
2324	0.00400107	0.00925283
2325	0.00400081	0.00925069
2326	0.00400056	0.00924855
2327	0.00400031	0.00924642
2328	0.00400006	0.00924428
2329	0.00399982	0.00924214
2330	0.00399957	0.00924001
2331	0.00399932	0.00923788
2332	0.00399907	0.00923574
2333	0.00399882	0.00923361
2334	0.00399857	0.00923148
2335	0.00399832	0.00922935
2336	0.00399808	0.00922722
2337	0.00399783	0.00922509
2338	0.00399758	0.00922297
2339	0.00399734	0.00922084
2340	0.00399709	0.00921871
2341	0.00399684	0.00921659
2342	0.0039966	0.00921447
2343	0.00399635	0.00921234
2344	0.00399611	0.00921022
2345	0.00399586	0.0092081
2346	0.00399562	0.00920598
2347	0.00399537	0.00920387
2348	0.00399513	0.00920175
2349	0.00399488	0.00919963
2350	0.00399464	0.00919752
2351	0.0039944	0.0091954
2352	0.00399415	0.00919329
2353	0.00399391	0.00919118
2354	0.00399367	0.00918907
2355	0.00399342	0.00918695
2356	0.00399318	0.00918485
2357	0.00399294	0.00918274
2358	0.0039927	0.00918063
2359	0.00399246	0.00917852
2360	0.00399222	0.00917642
2361	0.00399197	0.00917431
2362	0.00399173	0.00917221
2363	0.00399149	0.00917011
2364	0.00399125	0.009168
2365	0.00399101	0.0091659
2366	0.00399077	0.0091638
2367	0.00399053	0.0091617
2368	0.0039903	0.00915961
2369	0.00399006	0.00915751
2370	0.00398982	0.00915541
2371	0.00398958	0.00915332
2372	0.00398934	0.00915122
2373	0.0039891	0.00914913
2374	0.00398887	0.00914704
2375	0.00398863	0.00914495
2376	0.00398839	0.00914286
2377	0.00398816	0.00914077
2378	0.00398792	0.00913868
2379	0.00398768	0.00913659
2380	0.00398745	0.00913451
2381	0.00398721	0.00913242
2382	0.00398698	0.00913034
2383	0.00398674	0.00912825
2384	0.0039865	0.00912617
2385	0.00398627	0.00912409
2386	0.00398604	0.00912201
2387	0.0039858	0.00911993
2388	0.00398557	0.00911785
2389	0.00398533	0.00911577
2390	0.0039851	0.00911369
2391	0.00398487	0.00911162
2392	0.00398463	0.00910954
2393	0.0039844	0.00910747
2394	0.00398417	0.00910539
2395	0.00398394	0.00910332
2396	0.0039837	0.00910125
2397	0.00398347	0.00909918
2398	0.00398324	0.00909711
2399	0.00398301	0.00909504
2400	0.00398278	0.00909298
2401	0.00398255	0.00909091
2402	0.00398232	0.00908884
2403	0.00398209	0.00908678
2404	0.00398186	0.00908471
2405	0.00398163	0.00908265
2406	0.0039814	0.00908059
2407	0.00398117	0.00907853
2408	0.00398094	0.00907647
2409	0.00398071	0.00907441
2410	0.00398048	0.00907235
2411	0.00398025	0.00907029
2412	0.00398002	0.00906824
2413	0.0039798	0.00906618
2414	0.00397957	0.00906413
2415	0.00397934	0.00906208
2416	0.00397911	0.00906002
2417	0.00397889	0.00905797
2418	0.00397866	0.00905592
2419	0.00397843	0.00905387
2420	0.00397821	0.00905182
2421	0.00397798	0.00904977
2422	0.00397776	0.00904773
2423	0.00397753	0.00904568
2424	0.0039773	0.00904364
2425	0.00397708	0.00904159
2426	0.00397685	0.00903955
2427	0.00397663	0.00903751
2428	0.00397641	0.00903546
2429	0.00397618	0.00903342
2430	0.00397596	0.00903138
2431	0.00397573	0.00902935
2432	0.00397551	0.00902731
2433	0.00397529	0.00902527
2434	0.00397506	0.00902323
2435	0.00397484	0.0090212
2436	0.00397462	0.00901917
2437	0.0039744	0.00901713
2438	0.00397417	0.0090151
2439	0.00397395	0.00901307
2440	0.00397373	0.00901104
2441	0.00397351	0.00900901
2442	0.00397329	0.00900698
2443	0.00397307	0.00900495
2444	0.00397284	0.00900293
2445	0.00397262	0.0090009
2446	0.0039724	0.00899888
2447	0.00397218	0.00899685
2448	0.00397196	0.00899483
2449	0.00397174	0.00899281
2450	0.00397152	0.00899078
2451	0.00397131	0.00898876
2452	0.00397109	0.00898674
2453	0.00397087	0.00898473
2454	0.00397065	0.00898271
2455	0.00397043	0.00898069
2456	0.00397021	0.00897868
2457	0.00396999	0.00897666
2458	0.00396978	0.00897465
2459	0.00396956	0.00897263
2460	0.00396934	0.00897062
2461	0.00396912	0.00896861
2462	0.00396891	0.0089666
2463	0.00396869	0.00896459
2464	0.00396847	0.00896258
2465	0.00396826	0.00896057
2466	0.00396804	0.00895857
2467	0.00396783	0.00895656
2468	0.00396761	0.00895456
2469	0.0039674	0.00895255
2470	0.00396718	0.00895055
2471	0.00396697	0.00894855
2472	0.00396675	0.00894654
2473	0.00396654	0.00894454
2474	0.00396632	0.00894254
2475	0.00396611	0.00894055
2476	0.00396589	0.00893855
2477	0.00396568	0.00893655
2478	0.00396547	0.00893455
2479	0.00396525	0.00893256
2480	0.00396504	0.00893056
2481	0.00396483	0.00892857
2482	0.00396461	0.00892658
2483	0.0039644	0.00892459
2484	0.00396419	0.0089226
2485	0.00396398	0.00892061
2486	0.00396377	0.00891862
2487	0.00396355	0.00891663
2488	0.00396334	0.00891464
2489	0.00396313	0.00891266
2490	0.00396292	0.00891067
2491	0.00396271	0.00890869
2492	0.0039625	0.0089067
2493	0.00396229	0.00890472
2494	0.00396208	0.00890274
2495	0.00396187	0.00890076
2496	0.00396166	0.00889878
2497	0.00396145	0.0088968
2498	0.00396124	0.00889482
2499	0.00396103	0.00889284
2500	0.00396082	0.00889086
2501	0.00396061	0.00888889
2502	0.0039604	0.00888691
2503	0.0039602	0.00888494
2504	0.00395999	0.00888297
2505	0.00395978	0.00888099
2506	0.00395957	0.00887902
2507	0.00395936	0.00887705
2508	0.00395916	0.00887508
2509	0.00395895	0.00887311
2510	0.00395874	0.00887115
2511	0.00395854	0.00886918
2512	0.00395833	0.00886721
2513	0.00395812	0.00886525
2514	0.00395792	0.00886328
2515	0.00395771	0.00886132
2516	0.00395751	0.00885936
2517	0.0039573	0.0088574
2518	0.00395709	0.00885544
2519	0.00395689	0.00885347
2520	0.00395668	0.00885152
2521	0.00395648	0.00884956
2522	0.00395627	0.0088476
2523	0.00395607	0.00884564
2524	0.00395587	0.00884369
2525	0.00395566	0.00884173
2526	0.00395546	0.00883978
2527	0.00395525	0.00883783
2528	0.00395505	0.00883587
2529	0.00395485	0.00883392
2530	0.00395464	0.00883197
2531	0.00395444	0.00883002
2532	0.00395424	0.00882807
2533	0.00395404	0.00882613
2534	0.00395383	0.00882418
2535	0.00395363	0.00882223
2536	0.00395343	0.00882029
2537	0.00395323	0.00881834
2538	0.00395303	0.0088164
2539	0.00395282	0.00881446
2540	0.00395262	0.00881251
2541	0.00395242	0.00881057
2542	0.00395222	0.00880863
2543	0.00395202	0.00880669
2544	0.00395182	0.00880475
2545	0.00395162	0.00880282
2546	0.00395142	0.00880088
2547	0.00395122	0.00879894
2548	0.00395102	0.00879701
2549	0.00395082	0.00879507
2550	0.00395062	0.00879314
2551	0.00395042	0.00879121
2552	0.00395022	0.00878928
2553	0.00395002	0.00878735
2554	0.00394983	0.00878542
2555	0.00394963	0.00878349
2556	0.00394943	0.00878156
2557	0.00394923	0.00877963
2558	0.00394903	0.0087777
2559	0.00394883	0.00877578
2560	0.00394864	0.00877385
2561	0.00394844	0.00877193
2562	0.00394824	0.00877001
2563	0.00394805	0.00876808
2564	0.00394785	0.00876616
2565	0.00394765	0.00876424
2566	0.00394745	0.00876232
2567	0.00394726	0.0087604
2568	0.00394706	0.00875848
2569	0.00394687	0.00875657
2570	0.00394667	0.00875465
2571	0.00394647	0.00875274
2572	0.00394628	0.00875082
2573	0.00394608	0.00874891
2574	0.00394589	0.00874699
2575	0.00394569	0.00874508
2576	0.0039455	0.00874317
2577	0.0039453	0.00874126
2578	0.00394511	0.00873935
2579	0.00394492	0.00873744
2580	0.00394472	0.00873553
2581	0.00394453	0.00873362
2582	0.00394433	0.00873172
2583	0.00394414	0.00872981
2584	0.00394395	0.00872791
2585	0.00394375	0.008726
2586	0.00394356	0.0087241
2587	0.00394337	0.0087222
2588	0.00394318	0.0087203
2589	0.00394298	0.0087184
2590	0.00394279	0.0087165
2591	0.0039426	0.0087146
2592	0.00394241	0.0087127
2593	0.00394221	0.0087108
2594	0.00394202	0.0087089
2595	0.00394183	0.00870701
2596	0.00394164	0.00870511
2597	0.00394145	0.00870322
2598	0.00394126	0.00870133
2599	0.00394107	0.00869943
2600	0.00394088	0.00869754
2601	0.00394068	0.00869565
2602	0.00394049	0.00869376
2603	0.0039403	0.00869187
2604	0.00394011	0.00868998
2605	0.00393992	0.0086881
2606	0.00393973	0.00868621
2607	0.00393954	0.00868432
2608	0.00393936	0.00868244
2609	0.00393917	0.00868056
2610	0.00393898	0.00867867
2611	0.00393879	0.00867679
2612	0.0039386	0.00867491
2613	0.00393841	0.00867303
2614	0.00393822	0.00867115
2615	0.00393803	0.00866927
2616	0.00393785	0.00866739
2617	0.00393766	0.00866551
2618	0.00393747	0.00866363
2619	0.00393728	0.00866176
2620	0.00393709	0.00865988
2621	0.00393691	0.00865801
2622	0.00393672	0.00865614
2623	0.00393653	0.00865426
2624	0.00393635	0.00865239
2625	0.00393616	0.00865052
2626	0.00393597	0.00864865
2627	0.00393579	0.00864678
2628	0.0039356	0.00864491
2629	0.00393541	0.00864304
2630	0.00393523	0.00864118
2631	0.00393504	0.00863931
2632	0.00393486	0.00863744
2633	0.00393467	0.00863558
2634	0.00393449	0.00863371
2635	0.0039343	0.00863185
2636	0.00393412	0.00862999
2637	0.00393393	0.00862813
2638	0.00393375	0.00862627
2639	0.00393356	0.00862441
2640	0.00393338	0.00862255
2641	0.00393319	0.00862069
2642	0.00393301	0.00861883
2643	0.00393283	0.00861698
2644	0.00393264	0.00861512
2645	0.00393246	0.00861326
2646	0.00393227	0.00861141
2647	0.00393209	0.00860956
2648	0.00393191	0.0086077
2649	0.00393172	0.00860585
2650	0.00393154	0.008604
2651	0.00393136	0.00860215
2652	0.00393118	0.0086003
2653	0.00393099	0.00859845
2654	0.00393081	0.0085966
2655	0.00393063	0.00859476
2656	0.00393045	0.00859291
2657	0.00393027	0.00859107
2658	0.00393008	0.00858922
2659	0.0039299	0.00858738
2660	0.00392972	0.00858553
2661	0.00392954	0.00858369
2662	0.00392936	0.00858185
2663	0.00392918	0.00858001
2664	0.003929	0.00857817
2665	0.00392882	0.00857633
2666	0.00392864	0.00857449
2667	0.00392846	0.00857265
2668	0.00392827	0.00857082
2669	0.00392809	0.00856898
2670	0.00392791	0.00856714
2671	0.00392774	0.00856531
2672	0.00392756	0.00856348
2673	0.00392738	0.00856164
2674	0.0039272	0.00855981
2675	0.00392702	0.00855798
2676	0.00392684	0.00855615
2677	0.00392666	0.00855432
2678	0.00392648	0.00855249
2679	0.0039263	0.00855066
2680	0.00392612	0.00854884
2681	0.00392594	0.00854701
2682	0.00392577	0.00854518
2683	0.00392559	0.00854336
2684	0.00392541	0.00854153
2685	0.00392523	0.00853971
2686	0.00392505	0.00853789
2687	0.00392488	0.00853606
2688	0.0039247	0.00853424
2689	0.00392452	0.00853242
2690	0.00392435	0.0085306
2691	0.00392417	0.00852878
2692	0.00392399	0.00852697
2693	0.00392381	0.00852515
2694	0.00392364	0.00852333
2695	0.00392346	0.00852152
2696	0.00392329	0.0085197
2697	0.00392311	0.00851789
2698	0.00392293	0.00851607
2699	0.00392276	0.00851426
2700	0.00392258	0.00851245
2701	0.00392241	0.00851064
2702	0.00392223	0.00850883
2703	0.00392205	0.00850702
2704	0.00392188	0.00850521
2705	0.0039217	0.0085034
2706	0.00392153	0.00850159
2707	0.00392135	0.00849979
2708	0.00392118	0.00849798
2709	0.003921	0.00849618
2710	0.00392083	0.00849437
2711	0.00392066	0.00849257
2712	0.00392048	0.00849077
2713	0.00392031	0.00848896
2714	0.00392013	0.00848716
2715	0.00391996	0.00848536
2716	0.00391979	0.00848356
2717	0.00391961	0.00848176
2718	0.00391944	0.00847997
2719	0.00391927	0.00847817
2720	0.00391909	0.00847637
2721	0.00391892	0.00847458
2722	0.00391875	0.00847278
2723	0.00391857	0.00847099
2724	0.0039184	0.00846919
2725	0.00391823	0.0084674
2726	0.00391806	0.00846561
2727	0.00391788	0.00846382
2728	0.00391771	0.00846203
2729	0.00391754	0.00846024
2730	0.00391737	0.00845845
2731	0.0039172	0.00845666
2732	0.00391702	0.00845487
2733	0.00391685	0.00845309
2734	0.00391668	0.0084513
2735	0.00391651	0.00844951
2736	0.00391634	0.00844773
2737	0.00391617	0.00844595
2738	0.003916	0.00844416
2739	0.00391583	0.00844238
2740	0.00391566	0.0084406
2741	0.00391548	0.00843882
2742	0.00391531	0.00843704
2743	0.00391514	0.00843526
2744	0.00391497	0.00843348
2745	0.0039148	0.0084317
2746	0.00391463	0.00842993
2747	0.00391446	0.00842815
2748	0.00391429	0.00842637
2749	0.00391412	0.0084246
2750	0.00391396	0.00842283
2751	0.00391379	0.00842105
2752	0.00391362	0.00841928
2753	0.00391345	0.00841751
2754	0.00391328	0.00841574
2755	0.00391311	0.00841397
2756	0.00391294	0.0084122
2757	0.00391277	0.00841043
2758	0.0039126	0.00840866
2759	0.00391244	0.00840689
2760	0.00391227	0.00840513
2761	0.0039121	0.00840336
2762	0.00391193	0.0084016
2763	0.00391176	0.00839983
2764	0.0039116	0.00839807
2765	0.00391143	0.00839631
2766	0.00391126	0.00839454
2767	0.00391109	0.00839278
2768	0.00391093	0.00839102
2769	0.00391076	0.00838926
2770	0.00391059	0.0083875
2771	0.00391042	0.00838574
2772	0.00391026	0.00838399
2773	0.00391009	0.00838223
2774	0.00390992	0.00838047
2775	0.00390976	0.00837872
2776	0.00390959	0.00837696
2777	0.00390942	0.00837521
2778	0.00390926	0.00837346
2779	0.00390909	0.0083717
2780	0.00390893	0.00836995
2781	0.00390876	0.0083682
2782	0.00390859	0.00836645
2783	0.00390843	0.0083647
2784	0.00390826	0.00836295
2785	0.0039081	0.0083612
2786	0.00390793	0.00835946
2787	0.00390777	0.00835771
2788	0.0039076	0.00835596
2789	0.00390744	0.00835422
2790	0.00390727	0.00835247
2791	0.00390711	0.00835073
2792	0.00390694	0.00834899
2793	0.00390678	0.00834725
2794	0.00390661	0.0083455
2795	0.00390645	0.00834376
2796	0.00390629	0.00834202
2797	0.00390612	0.00834028
2798	0.00390596	0.00833854
2799	0.00390579	0.00833681
2800	0.00390563	0.00833507
2801	0.00390547	0.00833333
2802	0.0039053	0.0083316
2803	0.00390514	0.00832986
2804	0.00390498	0.00832813
2805	0.00390481	0.00832639
2806	0.00390465	0.00832466
2807	0.00390449	0.00832293
2808	0.00390432	0.0083212
2809	0.00390416	0.00831947
2810	0.003904	0.00831774
2811	0.00390384	0.00831601
2812	0.00390367	0.00831428
2813	0.00390351	0.00831255
2814	0.00390335	0.00831082
2815	0.00390319	0.0083091
2816	0.00390302	0.00830737
2817	0.00390286	0.00830565
2818	0.0039027	0.00830392
2819	0.00390254	0.0083022
2820	0.00390238	0.00830048
2821	0.00390222	0.00829876
2822	0.00390205	0.00829703
2823	0.00390189	0.00829531
2824	0.00390173	0.00829359
2825	0.00390157	0.00829187
2826	0.00390141	0.00829016
2827	0.00390125	0.00828844
2828	0.00390109	0.00828672
2829	0.00390093	0.008285
2830	0.00390077	0.00828329
2831	0.0039006	0.00828157
2832	0.00390044	0.00827986
2833	0.00390028	0.00827815
2834	0.00390012	0.00827643
2835	0.00389996	0.00827472
2836	0.0038998	0.00827301
2837	0.00389964	0.0082713
2838	0.00389948	0.00826959
2839	0.00389932	0.00826788
2840	0.00389916	0.00826617
2841	0.003899	0.00826446
2842	0.00389884	0.00826276
2843	0.00389869	0.00826105
2844	0.00389853	0.00825934
2845	0.00389837	0.00825764
2846	0.00389821	0.00825593
2847	0.00389805	0.00825423
2848	0.00389789	0.00825253
2849	0.00389773	0.00825083
2850	0.00389757	0.00824912
2851	0.00389741	0.00824742
2852	0.00389726	0.00824572
2853	0.0038971	0.00824402
2854	0.00389694	0.00824232
2855	0.00389678	0.00824063
2856	0.00389662	0.00823893
2857	0.00389646	0.00823723
2858	0.00389631	0.00823554
2859	0.00389615	0.00823384
2860	0.00389599	0.00823215
2861	0.00389583	0.00823045
2862	0.00389567	0.00822876
2863	0.00389552	0.00822707
2864	0.00389536	0.00822538
2865	0.0038952	0.00822368
2866	0.00389505	0.00822199
2867	0.00389489	0.0082203
2868	0.00389473	0.00821862
2869	0.00389457	0.00821693
2870	0.00389442	0.00821524
2871	0.00389426	0.00821355
2872	0.0038941	0.00821187
2873	0.00389395	0.00821018
2874	0.00389379	0.0082085
2875	0.00389363	0.00820681
2876	0.00389348	0.00820513
2877	0.00389332	0.00820345
2878	0.00389316	0.00820176
2879	0.00389301	0.00820008
2880	0.00389285	0.0081984
2881	0.0038927	0.00819672
2882	0.00389254	0.00819504
2883	0.00389239	0.00819336
2884	0.00389223	0.00819169
2885	0.00389207	0.00819001
2886	0.00389192	0.00818833
2887	0.00389176	0.00818666
2888	0.00389161	0.00818498
2889	0.00389145	0.00818331
2890	0.0038913	0.00818163
2891	0.00389114	0.00817996
2892	0.00389099	0.00817829
2893	0.00389083	0.00817661
2894	0.00389068	0.00817494
2895	0.00389052	0.00817327
2896	0.00389037	0.0081716
2897	0.00389021	0.00816993
2898	0.00389006	0.00816827
2899	0.0038899	0.0081666
2900	0.00388975	0.00816493
2901	0.0038896	0.00816327
2902	0.00388944	0.0081616
2903	0.00388929	0.00815993
2904	0.00388913	0.00815827
2905	0.00388898	0.00815661
2906	0.00388883	0.00815494
2907	0.00388867	0.00815328
2908	0.00388852	0.00815162
2909	0.00388836	0.00814996
2910	0.00388821	0.0081483
2911	0.00388806	0.00814664
2912	0.0038879	0.00814498
2913	0.00388775	0.00814332
2914	0.0038876	0.00814166
2915	0.00388744	0.00814001
2916	0.00388729	0.00813835
2917	0.00388714	0.0081367
2918	0.00388699	0.00813504
2919	0.00388683	0.00813339
2920	0.00388668	0.00813173
2921	0.00388653	0.00813008
2922	0.00388638	0.00812843
2923	0.00388622	0.00812678
2924	0.00388607	0.00812513
2925	0.00388592	0.00812348
2926	0.00388577	0.00812183
2927	0.00388561	0.00812018
2928	0.00388546	0.00811853
2929	0.00388531	0.00811688
2930	0.00388516	0.00811524
2931	0.00388501	0.00811359
2932	0.00388485	0.00811194
2933	0.0038847	0.0081103
2934	0.00388455	0.00810866
2935	0.0038844	0.00810701
2936	0.00388425	0.00810537
2937	0.0038841	0.00810373
2938	0.00388394	0.00810209
2939	0.00388379	0.00810045
2940	0.00388364	0.00809881
2941	0.00388349	0.00809717
2942	0.00388334	0.00809553
2943	0.00388319	0.00809389
2944	0.00388304	0.00809225
2945	0.00388289	0.00809061
2946	0.00388274	0.00808898
2947	0.00388259	0.00808734
2948	0.00388243	0.00808571
2949	0.00388228	0.00808407
2950	0.00388213	0.00808244
2951	0.00388198	0.00808081
2952	0.00388183	0.00807918
2953	0.00388168	0.00807754
2954	0.00388153	0.00807591
2955	0.00388138	0.00807428
2956	0.00388123	0.00807265
2957	0.00388108	0.00807103
2958	0.00388093	0.0080694
2959	0.00388078	0.00806777
2960	0.00388063	0.00806614
2961	0.00388048	0.00806452
2962	0.00388033	0.00806289
2963	0.00388018	0.00806127
2964	0.00388003	0.00805964
2965	0.00387988	0.00805802
2966	0.00387973	0.00805639
2967	0.00387959	0.00805477
2968	0.00387944	0.00805315
2969	0.00387929	0.00805153
2970	0.00387914	0.00804991
2971	0.00387899	0.00804829
2972	0.00387884	0.00804667
2973	0.00387869	0.00804505
2974	0.00387854	0.00804343
2975	0.00387839	0.00804182
2976	0.00387824	0.0080402
2977	0.0038781	0.00803859
2978	0.00387795	0.00803697
2979	0.0038778	0.00803536
2980	0.00387765	0.00803374
2981	0.0038775	0.00803213
2982	0.00387735	0.00803052
2983	0.0038772	0.0080289
2984	0.00387706	0.00802729
2985	0.00387691	0.00802568
2986	0.00387676	0.00802407
2987	0.00387661	0.00802246
2988	0.00387646	0.00802085
2989	0.00387632	0.00801925
2990	0.00387617	0.00801764
2991	0.00387602	0.00801603
2992	0.00387587	0.00801443
2993	0.00387573	0.00801282
2994	0.00387558	0.00801122
2995	0.00387543	0.00800961
2996	0.00387528	0.00800801
2997	0.00387514	0.00800641
2998	0.00387499	0.0080048
2999	0.00387484	0.0080032
3000	0.00387469	0.0080016
